07/27 06:41:12 AM | 
07/27 06:41:12 AM | Parameters:
07/27 06:41:12 AM | ALPHA_LR=0.0003
07/27 06:41:12 AM | ALPHA_WEIGHT_DECAY=0.001
07/27 06:41:12 AM | BATCH_SIZE=64
07/27 06:41:12 AM | DATA_PATH=./data/
07/27 06:41:12 AM | DATASET=cifar10
07/27 06:41:12 AM | EPOCHS=50
07/27 06:41:12 AM | GPUS=[0]
07/27 06:41:12 AM | INIT_CHANNELS=16
07/27 06:41:12 AM | LAYERS=8
07/27 06:41:12 AM | NAME=cifar10
07/27 06:41:12 AM | PATH=searchs/cifar10
07/27 06:41:12 AM | PLOT_PATH=searchs/cifar10/plots
07/27 06:41:12 AM | PRINT_FREQ=50
07/27 06:41:12 AM | SEED=2
07/27 06:41:12 AM | W_GRAD_CLIP=5.0
07/27 06:41:12 AM | W_LR=0.025
07/27 06:41:12 AM | W_LR_MIN=0.001
07/27 06:41:12 AM | W_MOMENTUM=0.9
07/27 06:41:12 AM | W_WEIGHT_DECAY=0.0003
07/27 06:41:12 AM | WORKERS=4
07/27 06:41:12 AM | 
07/27 06:41:12 AM | Logger is set - training start
####### ALPHA #######
# Alpha - normal
tensor([[0.1249, 0.1252, 0.1249, 0.1249, 0.1249, 0.1252, 0.1249, 0.1250],
        [0.1249, 0.1251, 0.1250, 0.1250, 0.1252, 0.1249, 0.1250, 0.1250]],
       device='cuda:0', grad_fn=<SoftmaxBackward>)
tensor([[0.1249, 0.1253, 0.1250, 0.1250, 0.1249, 0.1250, 0.1250, 0.1249],
        [0.1251, 0.1247, 0.1249, 0.1253, 0.1248, 0.1249, 0.1251, 0.1253],
        [0.1250, 0.1250, 0.1249, 0.1251, 0.1252, 0.1250, 0.1251, 0.1249]],
       device='cuda:0', grad_fn=<SoftmaxBackward>)
tensor([[0.1250, 0.1249, 0.1250, 0.1250, 0.1250, 0.1251, 0.1249, 0.1251],
        [0.1250, 0.1249, 0.1251, 0.1249, 0.1249, 0.1253, 0.1252, 0.1248],
        [0.1250, 0.1250, 0.1251, 0.1248, 0.1251, 0.1250, 0.1251, 0.1250],
        [0.1250, 0.1251, 0.1250, 0.1251, 0.1251, 0.1251, 0.1249, 0.1248]],
       device='cuda:0', grad_fn=<SoftmaxBackward>)
tensor([[0.1250, 0.1250, 0.1249, 0.1249, 0.1251, 0.1250, 0.1249, 0.1252],
        [0.1250, 0.1252, 0.1252, 0.1248, 0.1250, 0.1249, 0.1248, 0.1251],
        [0.1251, 0.1251, 0.1250, 0.1251, 0.1248, 0.1250, 0.1249, 0.1249],
        [0.1249, 0.1250, 0.1250, 0.1253, 0.1251, 0.1251, 0.1247, 0.1249],
        [0.1251, 0.1251, 0.1252, 0.1249, 0.1249, 0.1251, 0.1250, 0.1249]],
       device='cuda:0', grad_fn=<SoftmaxBackward>)

# Alpha - reduce
tensor([[0.1248, 0.1249, 0.1249, 0.1251, 0.1250, 0.1250, 0.1251, 0.1251],
        [0.1250, 0.1248, 0.1249, 0.1252, 0.1249, 0.1250, 0.1249, 0.1251]],
       device='cuda:0', grad_fn=<SoftmaxBackward>)
tensor([[0.1251, 0.1249, 0.1252, 0.1249, 0.1250, 0.1250, 0.1249, 0.1250],
        [0.1250, 0.1249, 0.1250, 0.1251, 0.1251, 0.1249, 0.1250, 0.1251],
        [0.1250, 0.1250, 0.1250, 0.1249, 0.1250, 0.1250, 0.1250, 0.1252]],
       device='cuda:0', grad_fn=<SoftmaxBackward>)
tensor([[0.1251, 0.1247, 0.1249, 0.1252, 0.1252, 0.1249, 0.1251, 0.1249],
        [0.1250, 0.1250, 0.1250, 0.1251, 0.1253, 0.1249, 0.1249, 0.1248],
        [0.1250, 0.1252, 0.1250, 0.1250, 0.1251, 0.1248, 0.1251, 0.1249],
        [0.1250, 0.1251, 0.1251, 0.1249, 0.1248, 0.1251, 0.1250, 0.1250]],
       device='cuda:0', grad_fn=<SoftmaxBackward>)
tensor([[0.1250, 0.1249, 0.1251, 0.1251, 0.1251, 0.1249, 0.1250, 0.1250],
        [0.1252, 0.1249, 0.1251, 0.1251, 0.1250, 0.1249, 0.1249, 0.1249],
        [0.1249, 0.1250, 0.1251, 0.1250, 0.1249, 0.1250, 0.1250, 0.1252],
        [0.1250, 0.1249, 0.1250, 0.1251, 0.1250, 0.1251, 0.1250, 0.1249],
        [0.1249, 0.1251, 0.1250, 0.1251, 0.1248, 0.1251, 0.1249, 0.1251]],
       device='cuda:0', grad_fn=<SoftmaxBackward>)
#####################
07/27 06:41:29 AM | Train: [ 1/50] Step 000/390 Loss 2.370 Prec@(1,5) (12.5%, 51.6%)
07/27 06:44:58 AM | Train: [ 1/50] Step 050/390 Loss 1.979 Prec@(1,5) (27.7%, 80.0%)
07/27 06:48:23 AM | Train: [ 1/50] Step 100/390 Loss 1.880 Prec@(1,5) (30.9%, 83.9%)
07/27 06:51:38 AM | Train: [ 1/50] Step 150/390 Loss 1.807 Prec@(1,5) (33.3%, 85.7%)
07/27 06:55:08 AM | Train: [ 1/50] Step 200/390 Loss 1.753 Prec@(1,5) (35.2%, 86.8%)
07/27 06:58:24 AM | Train: [ 1/50] Step 250/390 Loss 1.701 Prec@(1,5) (37.2%, 87.8%)
07/27 07:01:33 AM | Train: [ 1/50] Step 300/390 Loss 1.657 Prec@(1,5) (39.0%, 88.5%)
07/27 07:04:55 AM | Train: [ 1/50] Step 350/390 Loss 1.611 Prec@(1,5) (40.7%, 89.1%)
07/27 07:07:36 AM | Train: [ 1/50] Step 390/390 Loss 1.583 Prec@(1,5) (41.9%, 89.5%)
07/27 07:07:36 AM | Train: [ 1/50] Final Prec@1 41.9080%
07/27 07:07:36 AM | Valid: [ 1/50] Step 000/390 Loss 1.272 Prec@(1,5) (56.2%, 93.8%)
07/27 07:07:45 AM | Valid: [ 1/50] Step 050/390 Loss 1.303 Prec@(1,5) (52.5%, 93.9%)
07/27 07:07:54 AM | Valid: [ 1/50] Step 100/390 Loss 1.316 Prec@(1,5) (51.7%, 93.9%)
07/27 07:08:03 AM | Valid: [ 1/50] Step 150/390 Loss 1.311 Prec@(1,5) (52.1%, 93.8%)
07/27 07:08:12 AM | Valid: [ 1/50] Step 200/390 Loss 1.311 Prec@(1,5) (52.2%, 93.9%)
07/27 07:08:21 AM | Valid: [ 1/50] Step 250/390 Loss 1.312 Prec@(1,5) (52.1%, 93.9%)
07/27 07:08:31 AM | Valid: [ 1/50] Step 300/390 Loss 1.311 Prec@(1,5) (52.1%, 93.9%)
07/27 07:08:41 AM | Valid: [ 1/50] Step 350/390 Loss 1.307 Prec@(1,5) (52.4%, 93.9%)
07/27 07:08:49 AM | Valid: [ 1/50] Step 390/390 Loss 1.306 Prec@(1,5) (52.4%, 94.0%)
07/27 07:08:49 AM | Valid: [ 1/50] Final Prec@1 52.3840%
07/27 07:08:49 AM | genotype = Genotype(normal=[[('dil_conv_3x3', 0), ('dil_conv_5x5', 1)], [('dil_conv_5x5', 2), ('sep_conv_5x5', 1)], [('dil_conv_5x5', 1), ('dil_conv_3x3', 3)], [('dil_conv_5x5', 3), ('dil_conv_5x5', 2)]], normal_concat=range(2, 6), reduce=[[('sep_conv_5x5', 0), ('dil_conv_5x5', 1)], [('sep_conv_5x5', 2), ('dil_conv_5x5', 1)], [('sep_conv_5x5', 0), ('dil_conv_5x5', 2)], [('sep_conv_5x5', 2), ('dil_conv_5x5', 4)]], reduce_concat=range(2, 6))
####### ALPHA #######
# Alpha - normal
tensor([[0.1274, 0.1208, 0.1234, 0.1256, 0.1246, 0.1277, 0.1259, 0.1247],
        [0.1249, 0.1196, 0.1222, 0.1254, 0.1260, 0.1258, 0.1270, 0.1290]],
       device='cuda:0', grad_fn=<SoftmaxBackward>)
tensor([[0.1269, 0.1208, 0.1228, 0.1255, 0.1267, 0.1256, 0.1264, 0.1253],
        [0.1251, 0.1186, 0.1214, 0.1265, 0.1269, 0.1265, 0.1266, 0.1285],
        [0.1231, 0.1194, 0.1235, 0.1252, 0.1258, 0.1258, 0.1279, 0.1294]],
       device='cuda:0', grad_fn=<SoftmaxBackward>)
tensor([[0.1274, 0.1199, 0.1224, 0.1262, 0.1259, 0.1259, 0.1260, 0.1264],
        [0.1242, 0.1186, 0.1209, 0.1254, 0.1268, 0.1277, 0.1283, 0.1281],
        [0.1223, 0.1191, 0.1222, 0.1262, 0.1272, 0.1264, 0.1279, 0.1287],
        [0.1211, 0.1190, 0.1217, 0.1258, 0.1276, 0.1279, 0.1273, 0.1296]],
       device='cuda:0', grad_fn=<SoftmaxBackward>)
tensor([[0.1261, 0.1203, 0.1220, 0.1269, 0.1266, 0.1238, 0.1275, 0.1267],
        [0.1235, 0.1188, 0.1208, 0.1266, 0.1265, 0.1282, 0.1271, 0.1285],
        [0.1216, 0.1183, 0.1204, 0.1264, 0.1270, 0.1278, 0.1290, 0.1294],
        [0.1205, 0.1179, 0.1199, 0.1277, 0.1287, 0.1270, 0.1290, 0.1293],
        [0.1207, 0.1184, 0.1201, 0.1276, 0.1272, 0.1273, 0.1283, 0.1303]],
       device='cuda:0', grad_fn=<SoftmaxBackward>)

# Alpha - reduce
tensor([[0.1264, 0.1240, 0.1258, 0.1237, 0.1280, 0.1229, 0.1260, 0.1231],
        [0.1237, 0.1225, 0.1244, 0.1229, 0.1263, 0.1261, 0.1272, 0.1269]],
       device='cuda:0', grad_fn=<SoftmaxBackward>)
tensor([[0.1261, 0.1235, 0.1255, 0.1246, 0.1258, 0.1251, 0.1255, 0.1238],
        [0.1237, 0.1222, 0.1245, 0.1258, 0.1248, 0.1251, 0.1268, 0.1270],
        [0.1225, 0.1212, 0.1239, 0.1253, 0.1272, 0.1267, 0.1271, 0.1262]],
       device='cuda:0', grad_fn=<SoftmaxBackward>)
tensor([[0.1259, 0.1235, 0.1242, 0.1259, 0.1278, 0.1243, 0.1250, 0.1235],
        [0.1237, 0.1222, 0.1248, 0.1262, 0.1263, 0.1254, 0.1264, 0.1249],
        [0.1228, 0.1219, 0.1245, 0.1253, 0.1259, 0.1266, 0.1275, 0.1254],
        [0.1227, 0.1214, 0.1234, 0.1276, 0.1263, 0.1260, 0.1273, 0.1254]],
       device='cuda:0', grad_fn=<SoftmaxBackward>)
tensor([[0.1254, 0.1237, 0.1250, 0.1256, 0.1272, 0.1237, 0.1260, 0.1234],
        [0.1240, 0.1229, 0.1252, 0.1258, 0.1246, 0.1257, 0.1255, 0.1263],
        [0.1224, 0.1213, 0.1242, 0.1263, 0.1283, 0.1259, 0.1252, 0.1263],
        [0.1234, 0.1218, 0.1245, 0.1260, 0.1259, 0.1263, 0.1249, 0.1272],
        [0.1226, 0.1213, 0.1231, 0.1273, 0.1261, 0.1263, 0.1282, 0.1251]],
       device='cuda:0', grad_fn=<SoftmaxBackward>)
#####################
07/27 07:08:56 AM | Train: [ 2/50] Step 000/390 Loss 1.133 Prec@(1,5) (60.9%, 98.4%)
07/27 07:12:18 AM | Train: [ 2/50] Step 050/390 Loss 1.256 Prec@(1,5) (54.9%, 95.1%)
07/27 07:15:44 AM | Train: [ 2/50] Step 100/390 Loss 1.261 Prec@(1,5) (54.5%, 94.7%)
07/27 07:18:34 AM | Train: [ 2/50] Step 150/390 Loss 1.230 Prec@(1,5) (55.9%, 95.1%)
07/27 07:22:07 AM | Train: [ 2/50] Step 200/390 Loss 1.205 Prec@(1,5) (56.6%, 95.2%)
07/27 07:25:39 AM | Train: [ 2/50] Step 250/390 Loss 1.187 Prec@(1,5) (57.4%, 95.3%)
07/27 07:29:00 AM | Train: [ 2/50] Step 300/390 Loss 1.172 Prec@(1,5) (57.9%, 95.4%)
07/27 07:32:30 AM | Train: [ 2/50] Step 350/390 Loss 1.159 Prec@(1,5) (58.4%, 95.5%)
07/27 07:35:01 AM | Train: [ 2/50] Step 390/390 Loss 1.152 Prec@(1,5) (58.7%, 95.6%)
07/27 07:35:01 AM | Train: [ 2/50] Final Prec@1 58.7080%
07/27 07:35:01 AM | Valid: [ 2/50] Step 000/390 Loss 1.154 Prec@(1,5) (56.2%, 98.4%)
07/27 07:35:11 AM | Valid: [ 2/50] Step 050/390 Loss 1.075 Prec@(1,5) (61.6%, 96.4%)
07/27 07:35:20 AM | Valid: [ 2/50] Step 100/390 Loss 1.068 Prec@(1,5) (61.8%, 96.1%)
07/27 07:35:31 AM | Valid: [ 2/50] Step 150/390 Loss 1.073 Prec@(1,5) (62.0%, 96.0%)
07/27 07:35:41 AM | Valid: [ 2/50] Step 200/390 Loss 1.079 Prec@(1,5) (61.3%, 95.9%)
07/27 07:35:51 AM | Valid: [ 2/50] Step 250/390 Loss 1.081 Prec@(1,5) (61.3%, 95.9%)
07/27 07:36:00 AM | Valid: [ 2/50] Step 300/390 Loss 1.079 Prec@(1,5) (61.4%, 95.9%)
07/27 07:36:11 AM | Valid: [ 2/50] Step 350/390 Loss 1.072 Prec@(1,5) (61.6%, 96.0%)
07/27 07:36:21 AM | Valid: [ 2/50] Step 390/390 Loss 1.075 Prec@(1,5) (61.6%, 96.0%)
07/27 07:36:21 AM | Valid: [ 2/50] Final Prec@1 61.5880%
07/27 07:36:21 AM | genotype = Genotype(normal=[[('max_pool_3x3', 0), ('sep_conv_5x5', 1)], [('dil_conv_5x5', 1), ('max_pool_3x3', 0)], [('dil_conv_5x5', 2), ('dil_conv_3x3', 1)], [('sep_conv_5x5', 3), ('dil_conv_5x5', 2)]], normal_concat=range(2, 6), reduce=[[('sep_conv_5x5', 0), ('dil_conv_5x5', 1)], [('sep_conv_5x5', 2), ('sep_conv_5x5', 0)], [('sep_conv_5x5', 0), ('sep_conv_3x3', 3)], [('dil_conv_5x5', 4), ('sep_conv_5x5', 2)]], reduce_concat=range(2, 6))
####### ALPHA #######
# Alpha - normal
tensor([[0.1307, 0.1182, 0.1229, 0.1262, 0.1248, 0.1290, 0.1235, 0.1247],
        [0.1247, 0.1143, 0.1194, 0.1267, 0.1287, 0.1271, 0.1284, 0.1306]],
       device='cuda:0', grad_fn=<SoftmaxBackward>)
tensor([[0.1296, 0.1181, 0.1214, 0.1267, 0.1280, 0.1262, 0.1259, 0.1240],
        [0.1255, 0.1138, 0.1188, 0.1280, 0.1270, 0.1267, 0.1300, 0.1302],
        [0.1236, 0.1160, 0.1233, 0.1258, 0.1258, 0.1262, 0.1282, 0.1311]],
       device='cuda:0', grad_fn=<SoftmaxBackward>)
tensor([[0.1295, 0.1161, 0.1199, 0.1267, 0.1257, 0.1272, 0.1277, 0.1271],
        [0.1235, 0.1133, 0.1177, 0.1256, 0.1286, 0.1313, 0.1305, 0.1295],
        [0.1212, 0.1148, 0.1203, 0.1267, 0.1283, 0.1261, 0.1315, 0.1311],
        [0.1192, 0.1147, 0.1189, 0.1270, 0.1307, 0.1294, 0.1300, 0.1302]],
       device='cuda:0', grad_fn=<SoftmaxBackward>)
tensor([[0.1282, 0.1176, 0.1200, 0.1282, 0.1274, 0.1242, 0.1277, 0.1267],
        [0.1237, 0.1143, 0.1182, 0.1280, 0.1275, 0.1310, 0.1269, 0.1304],
        [0.1210, 0.1142, 0.1189, 0.1273, 0.1278, 0.1262, 0.1315, 0.1331],
        [0.1192, 0.1143, 0.1178, 0.1273, 0.1319, 0.1277, 0.1302, 0.1316],
        [0.1193, 0.1145, 0.1175, 0.1307, 0.1284, 0.1279, 0.1283, 0.1334]],
       device='cuda:0', grad_fn=<SoftmaxBackward>)

# Alpha - reduce
tensor([[0.1265, 0.1228, 0.1279, 0.1230, 0.1314, 0.1209, 0.1270, 0.1204],
        [0.1254, 0.1233, 0.1242, 0.1192, 0.1267, 0.1244, 0.1268, 0.1301]],
       device='cuda:0', grad_fn=<SoftmaxBackward>)
tensor([[0.1255, 0.1210, 0.1259, 0.1257, 0.1286, 0.1237, 0.1259, 0.1237],
        [0.1238, 0.1214, 0.1249, 0.1250, 0.1259, 0.1253, 0.1260, 0.1278],
        [0.1205, 0.1162, 0.1215, 0.1266, 0.1300, 0.1298, 0.1287, 0.1266]],
       device='cuda:0', grad_fn=<SoftmaxBackward>)
tensor([[0.1249, 0.1212, 0.1236, 0.1262, 0.1321, 0.1219, 0.1267, 0.1232],
        [0.1253, 0.1230, 0.1263, 0.1261, 0.1265, 0.1259, 0.1234, 0.1235],
        [0.1214, 0.1179, 0.1236, 0.1282, 0.1274, 0.1282, 0.1270, 0.1263],
        [0.1218, 0.1180, 0.1216, 0.1291, 0.1276, 0.1278, 0.1287, 0.1255]],
       device='cuda:0', grad_fn=<SoftmaxBackward>)
tensor([[0.1256, 0.1224, 0.1265, 0.1259, 0.1284, 0.1228, 0.1251, 0.1232],
        [0.1244, 0.1227, 0.1248, 0.1251, 0.1245, 0.1243, 0.1261, 0.1282],
        [0.1207, 0.1173, 0.1232, 0.1273, 0.1293, 0.1266, 0.1282, 0.1274],
        [0.1221, 0.1177, 0.1225, 0.1272, 0.1283, 0.1277, 0.1272, 0.1272],
        [0.1212, 0.1173, 0.1214, 0.1290, 0.1283, 0.1265, 0.1315, 0.1248]],
       device='cuda:0', grad_fn=<SoftmaxBackward>)
#####################
07/27 07:36:26 AM | Train: [ 3/50] Step 000/390 Loss 1.058 Prec@(1,5) (56.2%, 100.0%)
07/27 07:39:44 AM | Train: [ 3/50] Step 050/390 Loss 0.983 Prec@(1,5) (65.2%, 97.2%)
07/27 07:43:15 AM | Train: [ 3/50] Step 100/390 Loss 1.005 Prec@(1,5) (64.1%, 96.8%)
07/27 07:46:30 AM | Train: [ 3/50] Step 150/390 Loss 0.984 Prec@(1,5) (64.8%, 97.1%)
07/27 07:49:55 AM | Train: [ 3/50] Step 200/390 Loss 0.985 Prec@(1,5) (65.1%, 97.0%)
07/27 07:53:07 AM | Train: [ 3/50] Step 250/390 Loss 0.973 Prec@(1,5) (65.6%, 97.0%)
07/27 07:56:09 AM | Train: [ 3/50] Step 300/390 Loss 0.966 Prec@(1,5) (65.8%, 97.1%)
07/27 07:59:43 AM | Train: [ 3/50] Step 350/390 Loss 0.957 Prec@(1,5) (66.1%, 97.1%)
07/27 08:02:29 AM | Train: [ 3/50] Step 390/390 Loss 0.953 Prec@(1,5) (66.3%, 97.2%)
07/27 08:02:29 AM | Train: [ 3/50] Final Prec@1 66.3040%
07/27 08:02:30 AM | Valid: [ 3/50] Step 000/390 Loss 1.130 Prec@(1,5) (56.2%, 100.0%)
07/27 08:02:39 AM | Valid: [ 3/50] Step 050/390 Loss 0.904 Prec@(1,5) (67.0%, 97.5%)
07/27 08:02:49 AM | Valid: [ 3/50] Step 100/390 Loss 0.919 Prec@(1,5) (67.1%, 97.2%)
07/27 08:03:00 AM | Valid: [ 3/50] Step 150/390 Loss 0.922 Prec@(1,5) (67.0%, 97.2%)
07/27 08:03:09 AM | Valid: [ 3/50] Step 200/390 Loss 0.917 Prec@(1,5) (67.2%, 97.3%)
07/27 08:03:19 AM | Valid: [ 3/50] Step 250/390 Loss 0.920 Prec@(1,5) (67.0%, 97.4%)
07/27 08:03:29 AM | Valid: [ 3/50] Step 300/390 Loss 0.921 Prec@(1,5) (67.0%, 97.3%)
07/27 08:03:40 AM | Valid: [ 3/50] Step 350/390 Loss 0.923 Prec@(1,5) (67.0%, 97.3%)
07/27 08:03:48 AM | Valid: [ 3/50] Step 390/390 Loss 0.922 Prec@(1,5) (67.1%, 97.3%)
07/27 08:03:48 AM | Valid: [ 3/50] Final Prec@1 67.0560%
07/27 08:03:48 AM | genotype = Genotype(normal=[[('max_pool_3x3', 0), ('dil_conv_5x5', 1)], [('dil_conv_5x5', 1), ('max_pool_3x3', 0)], [('dil_conv_3x3', 1), ('sep_conv_5x5', 3)], [('dil_conv_3x3', 1), ('sep_conv_5x5', 3)]], normal_concat=range(2, 6), reduce=[[('sep_conv_5x5', 0), ('max_pool_3x3', 1)], [('sep_conv_5x5', 2), ('sep_conv_5x5', 0)], [('sep_conv_5x5', 0), ('sep_conv_3x3', 3)], [('dil_conv_5x5', 4), ('sep_conv_5x5', 0)]], reduce_concat=range(2, 6))
####### ALPHA #######
# Alpha - normal
tensor([[0.1349, 0.1165, 0.1240, 0.1262, 0.1251, 0.1293, 0.1219, 0.1221],
        [0.1226, 0.1092, 0.1163, 0.1291, 0.1295, 0.1293, 0.1298, 0.1341]],
       device='cuda:0', grad_fn=<SoftmaxBackward>)
tensor([[0.1326, 0.1153, 0.1206, 0.1280, 0.1295, 0.1268, 0.1250, 0.1221],
        [0.1243, 0.1085, 0.1160, 0.1299, 0.1286, 0.1270, 0.1324, 0.1334],
        [0.1232, 0.1118, 0.1224, 0.1274, 0.1268, 0.1268, 0.1279, 0.1337]],
       device='cuda:0', grad_fn=<SoftmaxBackward>)
tensor([[0.1326, 0.1135, 0.1188, 0.1282, 0.1252, 0.1267, 0.1295, 0.1255],
        [0.1216, 0.1082, 0.1144, 0.1253, 0.1302, 0.1353, 0.1318, 0.1332],
        [0.1200, 0.1106, 0.1189, 0.1287, 0.1288, 0.1268, 0.1323, 0.1338],
        [0.1174, 0.1103, 0.1166, 0.1292, 0.1331, 0.1305, 0.1311, 0.1318]],
       device='cuda:0', grad_fn=<SoftmaxBackward>)
tensor([[0.1312, 0.1162, 0.1205, 0.1279, 0.1286, 0.1226, 0.1260, 0.1270],
        [0.1216, 0.1092, 0.1148, 0.1299, 0.1296, 0.1350, 0.1269, 0.1331],
        [0.1196, 0.1100, 0.1168, 0.1301, 0.1294, 0.1271, 0.1318, 0.1353],
        [0.1175, 0.1103, 0.1162, 0.1279, 0.1335, 0.1286, 0.1300, 0.1361],
        [0.1172, 0.1101, 0.1146, 0.1334, 0.1298, 0.1274, 0.1300, 0.1375]],
       device='cuda:0', grad_fn=<SoftmaxBackward>)

# Alpha - reduce
tensor([[0.1296, 0.1227, 0.1281, 0.1220, 0.1332, 0.1202, 0.1258, 0.1183],
        [0.1267, 0.1228, 0.1245, 0.1171, 0.1266, 0.1230, 0.1262, 0.1331]],
       device='cuda:0', grad_fn=<SoftmaxBackward>)
tensor([[0.1272, 0.1194, 0.1257, 0.1252, 0.1293, 0.1237, 0.1270, 0.1225],
        [0.1257, 0.1215, 0.1240, 0.1238, 0.1264, 0.1244, 0.1249, 0.1294],
        [0.1204, 0.1126, 0.1202, 0.1282, 0.1309, 0.1298, 0.1300, 0.1279]],
       device='cuda:0', grad_fn=<SoftmaxBackward>)
tensor([[0.1270, 0.1201, 0.1218, 0.1275, 0.1334, 0.1207, 0.1290, 0.1205],
        [0.1265, 0.1222, 0.1271, 0.1272, 0.1260, 0.1268, 0.1204, 0.1238],
        [0.1215, 0.1142, 0.1220, 0.1289, 0.1286, 0.1297, 0.1285, 0.1267],
        [0.1222, 0.1153, 0.1213, 0.1309, 0.1280, 0.1277, 0.1283, 0.1262]],
       device='cuda:0', grad_fn=<SoftmaxBackward>)
tensor([[0.1275, 0.1213, 0.1264, 0.1265, 0.1293, 0.1218, 0.1248, 0.1224],
        [0.1261, 0.1226, 0.1237, 0.1263, 0.1228, 0.1243, 0.1259, 0.1285],
        [0.1204, 0.1135, 0.1220, 0.1291, 0.1293, 0.1280, 0.1287, 0.1289],
        [0.1222, 0.1146, 0.1220, 0.1275, 0.1291, 0.1291, 0.1268, 0.1286],
        [0.1207, 0.1143, 0.1208, 0.1316, 0.1287, 0.1268, 0.1330, 0.1241]],
       device='cuda:0', grad_fn=<SoftmaxBackward>)
#####################
07/27 08:03:54 AM | Train: [ 4/50] Step 000/390 Loss 0.846 Prec@(1,5) (73.4%, 98.4%)
07/27 08:07:20 AM | Train: [ 4/50] Step 050/390 Loss 0.881 Prec@(1,5) (69.6%, 97.6%)
07/27 08:10:42 AM | Train: [ 4/50] Step 100/390 Loss 0.847 Prec@(1,5) (70.7%, 97.6%)
07/27 08:13:38 AM | Train: [ 4/50] Step 150/390 Loss 0.843 Prec@(1,5) (71.1%, 97.6%)
07/27 08:17:06 AM | Train: [ 4/50] Step 200/390 Loss 0.848 Prec@(1,5) (70.8%, 97.7%)
07/27 08:20:34 AM | Train: [ 4/50] Step 250/390 Loss 0.845 Prec@(1,5) (70.8%, 97.6%)
07/27 08:24:00 AM | Train: [ 4/50] Step 300/390 Loss 0.843 Prec@(1,5) (70.8%, 97.7%)
07/27 08:27:31 AM | Train: [ 4/50] Step 350/390 Loss 0.837 Prec@(1,5) (71.0%, 97.7%)
07/27 08:30:03 AM | Train: [ 4/50] Step 390/390 Loss 0.828 Prec@(1,5) (71.2%, 97.7%)
07/27 08:30:03 AM | Train: [ 4/50] Final Prec@1 71.2320%
07/27 08:30:04 AM | Valid: [ 4/50] Step 000/390 Loss 0.886 Prec@(1,5) (70.3%, 95.3%)
07/27 08:30:13 AM | Valid: [ 4/50] Step 050/390 Loss 0.866 Prec@(1,5) (70.3%, 97.3%)
07/27 08:30:22 AM | Valid: [ 4/50] Step 100/390 Loss 0.863 Prec@(1,5) (69.8%, 97.4%)
07/27 08:30:32 AM | Valid: [ 4/50] Step 150/390 Loss 0.863 Prec@(1,5) (70.0%, 97.3%)
07/27 08:30:41 AM | Valid: [ 4/50] Step 200/390 Loss 0.859 Prec@(1,5) (70.1%, 97.4%)
07/27 08:30:51 AM | Valid: [ 4/50] Step 250/390 Loss 0.853 Prec@(1,5) (70.3%, 97.4%)
07/27 08:31:01 AM | Valid: [ 4/50] Step 300/390 Loss 0.848 Prec@(1,5) (70.6%, 97.5%)
07/27 08:31:12 AM | Valid: [ 4/50] Step 350/390 Loss 0.847 Prec@(1,5) (70.7%, 97.5%)
07/27 08:31:20 AM | Valid: [ 4/50] Step 390/390 Loss 0.849 Prec@(1,5) (70.7%, 97.4%)
07/27 08:31:20 AM | Valid: [ 4/50] Final Prec@1 70.7080%
07/27 08:31:20 AM | genotype = Genotype(normal=[[('max_pool_3x3', 0), ('sep_conv_3x3', 1)], [('max_pool_3x3', 0), ('dil_conv_5x5', 1)], [('dil_conv_3x3', 1), ('sep_conv_5x5', 3)], [('dil_conv_3x3', 1), ('sep_conv_3x3', 4)]], normal_concat=range(2, 6), reduce=[[('sep_conv_5x5', 0), ('max_pool_3x3', 1)], [('dil_conv_3x3', 2), ('sep_conv_5x5', 0)], [('sep_conv_5x5', 0), ('sep_conv_3x3', 3)], [('dil_conv_5x5', 4), ('sep_conv_5x5', 0)]], reduce_concat=range(2, 6))
####### ALPHA #######
# Alpha - normal
tensor([[0.1376, 0.1140, 0.1240, 0.1264, 0.1281, 0.1295, 0.1190, 0.1213],
        [0.1221, 0.1062, 0.1152, 0.1324, 0.1302, 0.1289, 0.1293, 0.1357]],
       device='cuda:0', grad_fn=<SoftmaxBackward>)
tensor([[0.1347, 0.1122, 0.1190, 0.1299, 0.1308, 0.1275, 0.1244, 0.1213],
        [0.1245, 0.1058, 0.1153, 0.1299, 0.1306, 0.1258, 0.1338, 0.1342],
        [0.1233, 0.1084, 0.1225, 0.1276, 0.1269, 0.1274, 0.1274, 0.1365]],
       device='cuda:0', grad_fn=<SoftmaxBackward>)
tensor([[0.1352, 0.1107, 0.1174, 0.1295, 0.1252, 0.1264, 0.1300, 0.1256],
        [0.1222, 0.1057, 0.1137, 0.1261, 0.1300, 0.1370, 0.1304, 0.1350],
        [0.1195, 0.1071, 0.1172, 0.1284, 0.1305, 0.1267, 0.1354, 0.1353],
        [0.1160, 0.1067, 0.1147, 0.1307, 0.1363, 0.1321, 0.1304, 0.1331]],
       device='cuda:0', grad_fn=<SoftmaxBackward>)
tensor([[0.1326, 0.1139, 0.1193, 0.1285, 0.1293, 0.1226, 0.1258, 0.1280],
        [0.1218, 0.1069, 0.1140, 0.1314, 0.1301, 0.1355, 0.1254, 0.1348],
        [0.1185, 0.1061, 0.1148, 0.1324, 0.1304, 0.1267, 0.1333, 0.1377],
        [0.1159, 0.1068, 0.1145, 0.1268, 0.1335, 0.1294, 0.1323, 0.1407],
        [0.1155, 0.1065, 0.1121, 0.1348, 0.1310, 0.1276, 0.1303, 0.1422]],
       device='cuda:0', grad_fn=<SoftmaxBackward>)

# Alpha - reduce
tensor([[0.1298, 0.1210, 0.1291, 0.1226, 0.1341, 0.1200, 0.1257, 0.1176],
        [0.1276, 0.1226, 0.1243, 0.1159, 0.1267, 0.1222, 0.1267, 0.1340]],
       device='cuda:0', grad_fn=<SoftmaxBackward>)
tensor([[0.1277, 0.1177, 0.1261, 0.1252, 0.1297, 0.1241, 0.1270, 0.1225],
        [0.1266, 0.1209, 0.1227, 0.1245, 0.1274, 0.1237, 0.1234, 0.1308],
        [0.1210, 0.1099, 0.1189, 0.1295, 0.1311, 0.1313, 0.1302, 0.1281]],
       device='cuda:0', grad_fn=<SoftmaxBackward>)
tensor([[0.1283, 0.1190, 0.1204, 0.1287, 0.1323, 0.1217, 0.1306, 0.1191],
        [0.1287, 0.1226, 0.1264, 0.1265, 0.1257, 0.1263, 0.1187, 0.1250],
        [0.1238, 0.1120, 0.1212, 0.1296, 0.1292, 0.1308, 0.1278, 0.1256],
        [0.1230, 0.1137, 0.1205, 0.1318, 0.1279, 0.1295, 0.1289, 0.1247]],
       device='cuda:0', grad_fn=<SoftmaxBackward>)
tensor([[0.1277, 0.1201, 0.1281, 0.1253, 0.1315, 0.1208, 0.1235, 0.1231],
        [0.1281, 0.1230, 0.1237, 0.1249, 0.1233, 0.1228, 0.1262, 0.1281],
        [0.1202, 0.1103, 0.1203, 0.1305, 0.1314, 0.1295, 0.1286, 0.1292],
        [0.1214, 0.1120, 0.1206, 0.1282, 0.1300, 0.1296, 0.1277, 0.1306],
        [0.1188, 0.1115, 0.1180, 0.1345, 0.1304, 0.1272, 0.1346, 0.1248]],
       device='cuda:0', grad_fn=<SoftmaxBackward>)
#####################
07/27 08:31:25 AM | Train: [ 5/50] Step 000/390 Loss 0.737 Prec@(1,5) (76.6%, 98.4%)
07/27 08:34:48 AM | Train: [ 5/50] Step 050/390 Loss 0.717 Prec@(1,5) (75.1%, 98.4%)
07/27 08:38:20 AM | Train: [ 5/50] Step 100/390 Loss 0.735 Prec@(1,5) (74.2%, 98.3%)
07/27 08:41:43 AM | Train: [ 5/50] Step 150/390 Loss 0.732 Prec@(1,5) (74.1%, 98.4%)
07/27 08:45:11 AM | Train: [ 5/50] Step 200/390 Loss 0.733 Prec@(1,5) (74.2%, 98.4%)
07/27 08:48:28 AM | Train: [ 5/50] Step 250/390 Loss 0.728 Prec@(1,5) (74.5%, 98.4%)
07/27 08:51:35 AM | Train: [ 5/50] Step 300/390 Loss 0.723 Prec@(1,5) (74.8%, 98.4%)
07/27 08:55:06 AM | Train: [ 5/50] Step 350/390 Loss 0.727 Prec@(1,5) (74.5%, 98.4%)
07/27 08:57:43 AM | Train: [ 5/50] Step 390/390 Loss 0.725 Prec@(1,5) (74.6%, 98.4%)
07/27 08:57:43 AM | Train: [ 5/50] Final Prec@1 74.6120%
07/27 08:57:44 AM | Valid: [ 5/50] Step 000/390 Loss 0.682 Prec@(1,5) (76.6%, 95.3%)
07/27 08:57:53 AM | Valid: [ 5/50] Step 050/390 Loss 0.704 Prec@(1,5) (75.5%, 98.2%)
07/27 08:58:03 AM | Valid: [ 5/50] Step 100/390 Loss 0.712 Prec@(1,5) (75.1%, 98.2%)
07/27 08:58:13 AM | Valid: [ 5/50] Step 150/390 Loss 0.722 Prec@(1,5) (74.8%, 98.3%)
07/27 08:58:24 AM | Valid: [ 5/50] Step 200/390 Loss 0.729 Prec@(1,5) (74.5%, 98.3%)
07/27 08:58:37 AM | Valid: [ 5/50] Step 250/390 Loss 0.728 Prec@(1,5) (74.6%, 98.3%)
07/27 08:58:49 AM | Valid: [ 5/50] Step 300/390 Loss 0.733 Prec@(1,5) (74.4%, 98.2%)
07/27 08:59:02 AM | Valid: [ 5/50] Step 350/390 Loss 0.733 Prec@(1,5) (74.4%, 98.1%)
07/27 08:59:11 AM | Valid: [ 5/50] Step 390/390 Loss 0.734 Prec@(1,5) (74.3%, 98.1%)
07/27 08:59:11 AM | Valid: [ 5/50] Final Prec@1 74.3400%
07/27 08:59:11 AM | genotype = Genotype(normal=[[('max_pool_3x3', 0), ('sep_conv_3x3', 1)], [('max_pool_3x3', 0), ('dil_conv_5x5', 1)], [('sep_conv_5x5', 3), ('dil_conv_3x3', 1)], [('sep_conv_3x3', 4), ('dil_conv_3x3', 1)]], normal_concat=range(2, 6), reduce=[[('sep_conv_5x5', 0), ('dil_conv_5x5', 1)], [('dil_conv_3x3', 2), ('sep_conv_5x5', 0)], [('sep_conv_5x5', 0), ('max_pool_3x3', 1)], [('dil_conv_5x5', 4), ('sep_conv_5x5', 0)]], reduce_concat=range(2, 6))
####### ALPHA #######
# Alpha - normal
tensor([[0.1383, 0.1107, 0.1230, 0.1279, 0.1298, 0.1306, 0.1187, 0.1209],
        [0.1211, 0.1036, 0.1140, 0.1356, 0.1312, 0.1278, 0.1291, 0.1376]],
       device='cuda:0', grad_fn=<SoftmaxBackward>)
tensor([[0.1358, 0.1087, 0.1171, 0.1327, 0.1314, 0.1281, 0.1247, 0.1215],
        [0.1239, 0.1027, 0.1140, 0.1313, 0.1325, 0.1253, 0.1343, 0.1360],
        [0.1218, 0.1045, 0.1216, 0.1278, 0.1273, 0.1288, 0.1276, 0.1405]],
       device='cuda:0', grad_fn=<SoftmaxBackward>)
tensor([[0.1354, 0.1069, 0.1153, 0.1303, 0.1254, 0.1272, 0.1313, 0.1281],
        [0.1215, 0.1029, 0.1122, 0.1272, 0.1319, 0.1388, 0.1292, 0.1362],
        [0.1179, 0.1033, 0.1146, 0.1294, 0.1318, 0.1278, 0.1375, 0.1376],
        [0.1130, 0.1022, 0.1116, 0.1309, 0.1398, 0.1344, 0.1314, 0.1368]],
       device='cuda:0', grad_fn=<SoftmaxBackward>)
tensor([[0.1332, 0.1107, 0.1171, 0.1297, 0.1299, 0.1227, 0.1269, 0.1298],
        [0.1221, 0.1049, 0.1129, 0.1346, 0.1297, 0.1361, 0.1240, 0.1356],
        [0.1170, 0.1026, 0.1126, 0.1353, 0.1309, 0.1275, 0.1336, 0.1405],
        [0.1142, 0.1030, 0.1125, 0.1259, 0.1345, 0.1298, 0.1337, 0.1464],
        [0.1131, 0.1026, 0.1090, 0.1375, 0.1324, 0.1277, 0.1308, 0.1470]],
       device='cuda:0', grad_fn=<SoftmaxBackward>)

# Alpha - reduce
tensor([[0.1310, 0.1209, 0.1282, 0.1222, 0.1361, 0.1204, 0.1240, 0.1171],
        [0.1274, 0.1216, 0.1240, 0.1142, 0.1267, 0.1233, 0.1282, 0.1347]],
       device='cuda:0', grad_fn=<SoftmaxBackward>)
tensor([[0.1298, 0.1176, 0.1254, 0.1259, 0.1304, 0.1230, 0.1251, 0.1226],
        [0.1271, 0.1201, 0.1224, 0.1232, 0.1291, 0.1246, 0.1227, 0.1308],
        [0.1217, 0.1077, 0.1188, 0.1299, 0.1302, 0.1326, 0.1308, 0.1284]],
       device='cuda:0', grad_fn=<SoftmaxBackward>)
tensor([[0.1299, 0.1187, 0.1198, 0.1287, 0.1317, 0.1213, 0.1310, 0.1189],
        [0.1309, 0.1227, 0.1258, 0.1260, 0.1257, 0.1267, 0.1170, 0.1251],
        [0.1258, 0.1103, 0.1213, 0.1298, 0.1304, 0.1311, 0.1271, 0.1242],
        [0.1241, 0.1120, 0.1208, 0.1319, 0.1285, 0.1295, 0.1284, 0.1248]],
       device='cuda:0', grad_fn=<SoftmaxBackward>)
tensor([[0.1286, 0.1197, 0.1275, 0.1247, 0.1330, 0.1200, 0.1234, 0.1231],
        [0.1286, 0.1218, 0.1233, 0.1241, 0.1237, 0.1238, 0.1262, 0.1285],
        [0.1200, 0.1076, 0.1193, 0.1324, 0.1320, 0.1318, 0.1281, 0.1287],
        [0.1208, 0.1094, 0.1205, 0.1285, 0.1298, 0.1315, 0.1282, 0.1313],
        [0.1181, 0.1090, 0.1169, 0.1350, 0.1305, 0.1282, 0.1370, 0.1253]],
       device='cuda:0', grad_fn=<SoftmaxBackward>)
#####################
07/27 08:59:18 AM | Train: [ 6/50] Step 000/390 Loss 0.546 Prec@(1,5) (78.1%, 98.4%)
07/27 09:02:48 AM | Train: [ 6/50] Step 050/390 Loss 0.665 Prec@(1,5) (76.9%, 98.9%)
07/27 09:06:08 AM | Train: [ 6/50] Step 100/390 Loss 0.658 Prec@(1,5) (77.2%, 99.0%)
07/27 09:09:08 AM | Train: [ 6/50] Step 150/390 Loss 0.659 Prec@(1,5) (77.0%, 98.9%)
07/27 09:12:38 AM | Train: [ 6/50] Step 200/390 Loss 0.659 Prec@(1,5) (76.9%, 98.8%)
07/27 09:16:05 AM | Train: [ 6/50] Step 250/390 Loss 0.662 Prec@(1,5) (76.7%, 98.7%)
07/27 09:19:28 AM | Train: [ 6/50] Step 300/390 Loss 0.657 Prec@(1,5) (76.9%, 98.7%)
07/27 09:22:59 AM | Train: [ 6/50] Step 350/390 Loss 0.656 Prec@(1,5) (77.0%, 98.7%)
07/27 09:25:34 AM | Train: [ 6/50] Step 390/390 Loss 0.652 Prec@(1,5) (77.1%, 98.8%)
07/27 09:25:34 AM | Train: [ 6/50] Final Prec@1 77.1360%
07/27 09:25:34 AM | Valid: [ 6/50] Step 000/390 Loss 1.032 Prec@(1,5) (71.9%, 98.4%)
07/27 09:25:44 AM | Valid: [ 6/50] Step 050/390 Loss 0.718 Prec@(1,5) (75.1%, 98.4%)
07/27 09:25:54 AM | Valid: [ 6/50] Step 100/390 Loss 0.704 Prec@(1,5) (75.4%, 98.7%)
07/27 09:26:03 AM | Valid: [ 6/50] Step 150/390 Loss 0.695 Prec@(1,5) (75.7%, 98.6%)
07/27 09:26:13 AM | Valid: [ 6/50] Step 200/390 Loss 0.697 Prec@(1,5) (75.7%, 98.6%)
07/27 09:26:22 AM | Valid: [ 6/50] Step 250/390 Loss 0.695 Prec@(1,5) (75.8%, 98.6%)
07/27 09:26:32 AM | Valid: [ 6/50] Step 300/390 Loss 0.698 Prec@(1,5) (75.7%, 98.5%)
07/27 09:26:41 AM | Valid: [ 6/50] Step 350/390 Loss 0.703 Prec@(1,5) (75.6%, 98.5%)
07/27 09:26:49 AM | Valid: [ 6/50] Step 390/390 Loss 0.702 Prec@(1,5) (75.6%, 98.5%)
07/27 09:26:49 AM | Valid: [ 6/50] Final Prec@1 75.6440%
07/27 09:26:49 AM | genotype = Genotype(normal=[[('max_pool_3x3', 0), ('sep_conv_3x3', 1)], [('max_pool_3x3', 0), ('dil_conv_5x5', 1)], [('sep_conv_5x5', 3), ('dil_conv_3x3', 1)], [('sep_conv_3x3', 4), ('sep_conv_3x3', 2)]], normal_concat=range(2, 6), reduce=[[('sep_conv_5x5', 0), ('dil_conv_5x5', 1)], [('dil_conv_3x3', 2), ('sep_conv_5x5', 1)], [('sep_conv_3x3', 3), ('max_pool_3x3', 0)], [('dil_conv_5x5', 4), ('sep_conv_5x5', 0)]], reduce_concat=range(2, 6))
####### ALPHA #######
# Alpha - normal
tensor([[0.1395, 0.1077, 0.1219, 0.1291, 0.1308, 0.1309, 0.1182, 0.1218],
        [0.1207, 0.1014, 0.1133, 0.1378, 0.1315, 0.1287, 0.1285, 0.1382]],
       device='cuda:0', grad_fn=<SoftmaxBackward>)
tensor([[0.1367, 0.1055, 0.1155, 0.1352, 0.1327, 0.1286, 0.1235, 0.1223],
        [0.1236, 0.1003, 0.1135, 0.1321, 0.1334, 0.1255, 0.1345, 0.1372],
        [0.1201, 0.1006, 0.1209, 0.1288, 0.1276, 0.1295, 0.1277, 0.1448]],
       device='cuda:0', grad_fn=<SoftmaxBackward>)
tensor([[0.1367, 0.1033, 0.1133, 0.1322, 0.1257, 0.1276, 0.1314, 0.1299],
        [0.1217, 0.1005, 0.1112, 0.1277, 0.1338, 0.1394, 0.1282, 0.1375],
        [0.1169, 0.0994, 0.1134, 0.1303, 0.1331, 0.1279, 0.1384, 0.1405],
        [0.1109, 0.0981, 0.1091, 0.1316, 0.1418, 0.1352, 0.1334, 0.1398]],
       device='cuda:0', grad_fn=<SoftmaxBackward>)
tensor([[0.1337, 0.1080, 0.1154, 0.1308, 0.1312, 0.1226, 0.1265, 0.1319],
        [0.1216, 0.1028, 0.1118, 0.1367, 0.1308, 0.1364, 0.1237, 0.1363],
        [0.1154, 0.0987, 0.1105, 0.1395, 0.1308, 0.1275, 0.1347, 0.1429],
        [0.1126, 0.0997, 0.1111, 0.1256, 0.1355, 0.1291, 0.1338, 0.1525],
        [0.1104, 0.0985, 0.1057, 0.1395, 0.1338, 0.1290, 0.1300, 0.1532]],
       device='cuda:0', grad_fn=<SoftmaxBackward>)

# Alpha - reduce
tensor([[0.1317, 0.1213, 0.1269, 0.1226, 0.1385, 0.1193, 0.1241, 0.1156],
        [0.1252, 0.1194, 0.1243, 0.1142, 0.1274, 0.1234, 0.1293, 0.1367]],
       device='cuda:0', grad_fn=<SoftmaxBackward>)
tensor([[0.1314, 0.1181, 0.1260, 0.1254, 0.1311, 0.1220, 0.1236, 0.1225],
        [0.1261, 0.1186, 0.1218, 0.1240, 0.1306, 0.1238, 0.1234, 0.1317],
        [0.1218, 0.1057, 0.1190, 0.1309, 0.1296, 0.1329, 0.1313, 0.1288]],
       device='cuda:0', grad_fn=<SoftmaxBackward>)
tensor([[0.1320, 0.1194, 0.1195, 0.1276, 0.1316, 0.1216, 0.1316, 0.1168],
        [0.1303, 0.1213, 0.1264, 0.1264, 0.1259, 0.1265, 0.1168, 0.1263],
        [0.1266, 0.1089, 0.1216, 0.1308, 0.1315, 0.1312, 0.1261, 0.1232],
        [0.1236, 0.1094, 0.1207, 0.1324, 0.1293, 0.1298, 0.1288, 0.1260]],
       device='cuda:0', grad_fn=<SoftmaxBackward>)
tensor([[0.1299, 0.1206, 0.1268, 0.1244, 0.1335, 0.1181, 0.1236, 0.1232],
        [0.1286, 0.1211, 0.1229, 0.1236, 0.1249, 0.1236, 0.1257, 0.1297],
        [0.1201, 0.1057, 0.1191, 0.1327, 0.1325, 0.1340, 0.1290, 0.1270],
        [0.1208, 0.1074, 0.1205, 0.1301, 0.1304, 0.1313, 0.1283, 0.1312],
        [0.1173, 0.1071, 0.1169, 0.1342, 0.1314, 0.1283, 0.1394, 0.1254]],
       device='cuda:0', grad_fn=<SoftmaxBackward>)
#####################
07/27 09:26:54 AM | Train: [ 7/50] Step 000/390 Loss 0.855 Prec@(1,5) (76.6%, 95.3%)
07/27 09:30:14 AM | Train: [ 7/50] Step 050/390 Loss 0.608 Prec@(1,5) (79.5%, 98.6%)
07/27 09:33:48 AM | Train: [ 7/50] Step 100/390 Loss 0.600 Prec@(1,5) (79.6%, 98.9%)
07/27 09:37:03 AM | Train: [ 7/50] Step 150/390 Loss 0.598 Prec@(1,5) (79.6%, 98.9%)
07/27 09:40:36 AM | Train: [ 7/50] Step 200/390 Loss 0.600 Prec@(1,5) (79.4%, 99.0%)
07/27 09:44:01 AM | Train: [ 7/50] Step 250/390 Loss 0.598 Prec@(1,5) (79.4%, 99.0%)
07/27 09:46:57 AM | Train: [ 7/50] Step 300/390 Loss 0.599 Prec@(1,5) (79.3%, 99.0%)
07/27 09:50:27 AM | Train: [ 7/50] Step 350/390 Loss 0.595 Prec@(1,5) (79.4%, 99.0%)
07/27 09:53:17 AM | Train: [ 7/50] Step 390/390 Loss 0.593 Prec@(1,5) (79.6%, 98.9%)
07/27 09:53:17 AM | Train: [ 7/50] Final Prec@1 79.5520%
07/27 09:53:18 AM | Valid: [ 7/50] Step 000/390 Loss 0.545 Prec@(1,5) (79.7%, 100.0%)
07/27 09:53:30 AM | Valid: [ 7/50] Step 050/390 Loss 0.609 Prec@(1,5) (78.7%, 98.9%)
07/27 09:53:41 AM | Valid: [ 7/50] Step 100/390 Loss 0.623 Prec@(1,5) (78.4%, 98.9%)
07/27 09:53:52 AM | Valid: [ 7/50] Step 150/390 Loss 0.636 Prec@(1,5) (77.8%, 98.7%)
07/27 09:54:03 AM | Valid: [ 7/50] Step 200/390 Loss 0.640 Prec@(1,5) (77.8%, 98.7%)
07/27 09:54:12 AM | Valid: [ 7/50] Step 250/390 Loss 0.646 Prec@(1,5) (77.6%, 98.7%)
07/27 09:54:22 AM | Valid: [ 7/50] Step 300/390 Loss 0.650 Prec@(1,5) (77.4%, 98.7%)
07/27 09:54:32 AM | Valid: [ 7/50] Step 350/390 Loss 0.648 Prec@(1,5) (77.4%, 98.7%)
07/27 09:54:39 AM | Valid: [ 7/50] Step 390/390 Loss 0.649 Prec@(1,5) (77.4%, 98.6%)
07/27 09:54:39 AM | Valid: [ 7/50] Final Prec@1 77.4200%
07/27 09:54:39 AM | genotype = Genotype(normal=[[('sep_conv_3x3', 1), ('max_pool_3x3', 0)], [('sep_conv_3x3', 0), ('dil_conv_5x5', 1)], [('sep_conv_5x5', 3), ('dil_conv_3x3', 1)], [('sep_conv_3x3', 4), ('sep_conv_3x3', 2)]], normal_concat=range(2, 6), reduce=[[('sep_conv_5x5', 0), ('dil_conv_5x5', 1)], [('dil_conv_3x3', 2), ('max_pool_3x3', 0)], [('sep_conv_5x5', 2), ('max_pool_3x3', 0)], [('dil_conv_5x5', 4), ('sep_conv_3x3', 2)]], reduce_concat=range(2, 6))
####### ALPHA #######
# Alpha - normal
tensor([[0.1372, 0.1047, 0.1203, 0.1311, 0.1332, 0.1315, 0.1189, 0.1230],
        [0.1178, 0.0988, 0.1118, 0.1408, 0.1343, 0.1288, 0.1288, 0.1389]],
       device='cuda:0', grad_fn=<SoftmaxBackward>)
tensor([[0.1358, 0.1026, 0.1143, 0.1369, 0.1338, 0.1294, 0.1234, 0.1237],
        [0.1211, 0.0977, 0.1126, 0.1349, 0.1348, 0.1242, 0.1352, 0.1395],
        [0.1171, 0.0968, 0.1201, 0.1292, 0.1281, 0.1309, 0.1293, 0.1485]],
       device='cuda:0', grad_fn=<SoftmaxBackward>)
tensor([[0.1354, 0.1004, 0.1117, 0.1345, 0.1260, 0.1285, 0.1320, 0.1316],
        [0.1197, 0.0984, 0.1102, 0.1291, 0.1353, 0.1404, 0.1278, 0.1392],
        [0.1143, 0.0962, 0.1122, 0.1308, 0.1346, 0.1296, 0.1387, 0.1436],
        [0.1076, 0.0947, 0.1074, 0.1321, 0.1436, 0.1361, 0.1339, 0.1446]],
       device='cuda:0', grad_fn=<SoftmaxBackward>)
tensor([[0.1317, 0.1047, 0.1131, 0.1328, 0.1323, 0.1222, 0.1279, 0.1353],
        [0.1208, 0.1010, 0.1111, 0.1402, 0.1306, 0.1354, 0.1227, 0.1382],
        [0.1122, 0.0946, 0.1088, 0.1420, 0.1311, 0.1286, 0.1354, 0.1473],
        [0.1094, 0.0961, 0.1092, 0.1250, 0.1368, 0.1298, 0.1346, 0.1591],
        [0.1064, 0.0946, 0.1028, 0.1418, 0.1335, 0.1294, 0.1311, 0.1603]],
       device='cuda:0', grad_fn=<SoftmaxBackward>)

# Alpha - reduce
tensor([[0.1324, 0.1220, 0.1264, 0.1224, 0.1386, 0.1198, 0.1241, 0.1143],
        [0.1244, 0.1184, 0.1228, 0.1135, 0.1280, 0.1234, 0.1315, 0.1380]],
       device='cuda:0', grad_fn=<SoftmaxBackward>)
tensor([[0.1326, 0.1190, 0.1272, 0.1244, 0.1318, 0.1218, 0.1216, 0.1217],
        [0.1266, 0.1184, 0.1195, 0.1238, 0.1308, 0.1247, 0.1238, 0.1325],
        [0.1217, 0.1044, 0.1200, 0.1312, 0.1291, 0.1339, 0.1307, 0.1290]],
       device='cuda:0', grad_fn=<SoftmaxBackward>)
tensor([[0.1332, 0.1206, 0.1196, 0.1276, 0.1306, 0.1226, 0.1299, 0.1159],
        [0.1318, 0.1222, 0.1270, 0.1272, 0.1256, 0.1250, 0.1148, 0.1264],
        [0.1263, 0.1076, 0.1223, 0.1300, 0.1336, 0.1311, 0.1257, 0.1234],
        [0.1232, 0.1079, 0.1211, 0.1329, 0.1295, 0.1308, 0.1291, 0.1256]],
       device='cuda:0', grad_fn=<SoftmaxBackward>)
tensor([[0.1310, 0.1212, 0.1267, 0.1228, 0.1348, 0.1163, 0.1238, 0.1234],
        [0.1297, 0.1216, 0.1219, 0.1240, 0.1246, 0.1237, 0.1248, 0.1296],
        [0.1192, 0.1038, 0.1194, 0.1359, 0.1317, 0.1343, 0.1281, 0.1276],
        [0.1197, 0.1054, 0.1200, 0.1309, 0.1320, 0.1327, 0.1281, 0.1313],
        [0.1152, 0.1052, 0.1162, 0.1345, 0.1312, 0.1289, 0.1427, 0.1260]],
       device='cuda:0', grad_fn=<SoftmaxBackward>)
#####################
07/27 09:54:44 AM | Train: [ 8/50] Step 000/390 Loss 0.520 Prec@(1,5) (82.8%, 100.0%)
07/27 09:58:18 AM | Train: [ 8/50] Step 050/390 Loss 0.535 Prec@(1,5) (81.6%, 99.2%)
07/27 10:02:00 AM | Train: [ 8/50] Step 100/390 Loss 0.547 Prec@(1,5) (81.3%, 99.1%)
07/27 10:04:57 AM | Train: [ 8/50] Step 150/390 Loss 0.547 Prec@(1,5) (81.3%, 99.2%)
07/27 10:08:15 AM | Train: [ 8/50] Step 200/390 Loss 0.551 Prec@(1,5) (81.2%, 99.3%)
07/27 10:11:51 AM | Train: [ 8/50] Step 250/390 Loss 0.554 Prec@(1,5) (81.0%, 99.2%)
07/27 10:15:15 AM | Train: [ 8/50] Step 300/390 Loss 0.553 Prec@(1,5) (81.0%, 99.2%)
07/27 10:18:45 AM | Train: [ 8/50] Step 350/390 Loss 0.557 Prec@(1,5) (80.9%, 99.2%)
07/27 10:21:36 AM | Train: [ 8/50] Step 390/390 Loss 0.553 Prec@(1,5) (81.0%, 99.2%)
07/27 10:21:37 AM | Train: [ 8/50] Final Prec@1 80.9680%
07/27 10:21:37 AM | Valid: [ 8/50] Step 000/390 Loss 0.438 Prec@(1,5) (82.8%, 100.0%)
07/27 10:21:47 AM | Valid: [ 8/50] Step 050/390 Loss 0.586 Prec@(1,5) (79.4%, 98.8%)
07/27 10:21:56 AM | Valid: [ 8/50] Step 100/390 Loss 0.583 Prec@(1,5) (79.7%, 98.8%)
07/27 10:22:06 AM | Valid: [ 8/50] Step 150/390 Loss 0.588 Prec@(1,5) (79.6%, 98.8%)
07/27 10:22:17 AM | Valid: [ 8/50] Step 200/390 Loss 0.597 Prec@(1,5) (79.4%, 98.8%)
07/27 10:22:27 AM | Valid: [ 8/50] Step 250/390 Loss 0.605 Prec@(1,5) (79.2%, 98.7%)
07/27 10:22:36 AM | Valid: [ 8/50] Step 300/390 Loss 0.601 Prec@(1,5) (79.4%, 98.7%)
07/27 10:22:46 AM | Valid: [ 8/50] Step 350/390 Loss 0.603 Prec@(1,5) (79.3%, 98.8%)
07/27 10:22:53 AM | Valid: [ 8/50] Step 390/390 Loss 0.602 Prec@(1,5) (79.3%, 98.8%)
07/27 10:22:53 AM | Valid: [ 8/50] Final Prec@1 79.3200%
07/27 10:22:53 AM | genotype = Genotype(normal=[[('sep_conv_3x3', 1), ('sep_conv_5x5', 0)], [('sep_conv_3x3', 0), ('sep_conv_3x3', 1)], [('sep_conv_5x5', 3), ('dil_conv_3x3', 1)], [('sep_conv_3x3', 4), ('sep_conv_3x3', 2)]], normal_concat=range(2, 6), reduce=[[('sep_conv_5x5', 0), ('dil_conv_5x5', 1)], [('max_pool_3x3', 0), ('dil_conv_3x3', 2)], [('sep_conv_5x5', 2), ('max_pool_3x3', 0)], [('dil_conv_5x5', 4), ('sep_conv_3x3', 2)]], reduce_concat=range(2, 6))
####### ALPHA #######
# Alpha - normal
tensor([[0.1366, 0.1013, 0.1184, 0.1342, 0.1370, 0.1310, 0.1187, 0.1227],
        [0.1156, 0.0961, 0.1103, 0.1440, 0.1356, 0.1292, 0.1285, 0.1408]],
       device='cuda:0', grad_fn=<SoftmaxBackward>)
tensor([[0.1363, 0.1004, 0.1139, 0.1400, 0.1338, 0.1306, 0.1212, 0.1237],
        [0.1194, 0.0950, 0.1116, 0.1366, 0.1354, 0.1234, 0.1357, 0.1428],
        [0.1152, 0.0937, 0.1205, 0.1297, 0.1282, 0.1306, 0.1291, 0.1531]],
       device='cuda:0', grad_fn=<SoftmaxBackward>)
tensor([[0.1346, 0.0976, 0.1100, 0.1385, 0.1259, 0.1293, 0.1321, 0.1321],
        [0.1179, 0.0959, 0.1089, 0.1296, 0.1378, 0.1408, 0.1275, 0.1415],
        [0.1122, 0.0930, 0.1112, 0.1294, 0.1365, 0.1304, 0.1398, 0.1474],
        [0.1040, 0.0906, 0.1050, 0.1318, 0.1448, 0.1371, 0.1360, 0.1507]],
       device='cuda:0', grad_fn=<SoftmaxBackward>)
tensor([[0.1312, 0.1024, 0.1116, 0.1339, 0.1330, 0.1214, 0.1285, 0.1380],
        [0.1188, 0.0985, 0.1095, 0.1420, 0.1312, 0.1355, 0.1239, 0.1408],
        [0.1098, 0.0909, 0.1074, 0.1430, 0.1327, 0.1289, 0.1352, 0.1521],
        [0.1063, 0.0919, 0.1063, 0.1250, 0.1372, 0.1299, 0.1356, 0.1678],
        [0.1030, 0.0905, 0.0997, 0.1427, 0.1342, 0.1293, 0.1319, 0.1687]],
       device='cuda:0', grad_fn=<SoftmaxBackward>)

# Alpha - reduce
tensor([[0.1344, 0.1235, 0.1267, 0.1215, 0.1374, 0.1199, 0.1230, 0.1136],
        [0.1228, 0.1162, 0.1239, 0.1137, 0.1279, 0.1239, 0.1332, 0.1384]],
       device='cuda:0', grad_fn=<SoftmaxBackward>)
tensor([[0.1339, 0.1195, 0.1278, 0.1236, 0.1332, 0.1217, 0.1202, 0.1201],
        [0.1258, 0.1167, 0.1178, 0.1242, 0.1308, 0.1261, 0.1247, 0.1339],
        [0.1205, 0.1022, 0.1202, 0.1320, 0.1293, 0.1335, 0.1324, 0.1299]],
