07/23 08:37:14 AM | 
07/23 08:37:14 AM | Parameters:
07/23 08:37:14 AM | ALPHA_LR=0.0003
07/23 08:37:14 AM | ALPHA_WEIGHT_DECAY=0.001
07/23 08:37:14 AM | BATCH_SIZE=64
07/23 08:37:14 AM | DATA_PATH=./data/
07/23 08:37:14 AM | DATASET=cifar100
07/23 08:37:14 AM | EPOCHS=50
07/23 08:37:14 AM | GPUS=[0]
07/23 08:37:14 AM | INIT_CHANNELS=16
07/23 08:37:14 AM | LAYERS=8
07/23 08:37:14 AM | NAME=cifar100-2e
07/23 08:37:14 AM | PATH=searchs/cifar100-2e
07/23 08:37:14 AM | PLOT_PATH=searchs/cifar100-2e/plots
07/23 08:37:14 AM | PRINT_FREQ=50
07/23 08:37:14 AM | SEED=2
07/23 08:37:14 AM | W_GRAD_CLIP=5.0
07/23 08:37:14 AM | W_LR=0.025
07/23 08:37:14 AM | W_LR_MIN=0.001
07/23 08:37:14 AM | W_MOMENTUM=0.9
07/23 08:37:14 AM | W_WEIGHT_DECAY=0.0003
07/23 08:37:14 AM | WORKERS=4
07/23 08:37:14 AM | 
07/23 08:37:14 AM | Logger is set - training start
####### ALPHA #######
# Alpha - normal
tensor([[0.1249, 0.1252, 0.1249, 0.1249, 0.1249, 0.1252, 0.1249, 0.1250],
        [0.1249, 0.1251, 0.1250, 0.1250, 0.1252, 0.1249, 0.1250, 0.1250]],
       device='cuda:0', grad_fn=<SoftmaxBackward>)
tensor([[0.1249, 0.1253, 0.1250, 0.1250, 0.1249, 0.1250, 0.1250, 0.1249],
        [0.1251, 0.1247, 0.1249, 0.1253, 0.1248, 0.1249, 0.1251, 0.1253],
        [0.1250, 0.1250, 0.1249, 0.1251, 0.1252, 0.1250, 0.1251, 0.1249]],
       device='cuda:0', grad_fn=<SoftmaxBackward>)
tensor([[0.1250, 0.1249, 0.1250, 0.1250, 0.1250, 0.1251, 0.1249, 0.1251],
        [0.1250, 0.1249, 0.1251, 0.1249, 0.1249, 0.1253, 0.1252, 0.1248],
        [0.1250, 0.1250, 0.1251, 0.1248, 0.1251, 0.1250, 0.1251, 0.1250],
        [0.1250, 0.1251, 0.1250, 0.1251, 0.1251, 0.1251, 0.1249, 0.1248]],
       device='cuda:0', grad_fn=<SoftmaxBackward>)
tensor([[0.1250, 0.1250, 0.1249, 0.1249, 0.1251, 0.1250, 0.1249, 0.1252],
        [0.1250, 0.1252, 0.1252, 0.1248, 0.1250, 0.1249, 0.1248, 0.1251],
        [0.1251, 0.1251, 0.1250, 0.1251, 0.1248, 0.1250, 0.1249, 0.1249],
        [0.1249, 0.1250, 0.1250, 0.1253, 0.1251, 0.1251, 0.1247, 0.1249],
        [0.1251, 0.1251, 0.1252, 0.1249, 0.1249, 0.1251, 0.1250, 0.1249]],
       device='cuda:0', grad_fn=<SoftmaxBackward>)

# Alpha - reduce
tensor([[0.1248, 0.1249, 0.1249, 0.1251, 0.1250, 0.1250, 0.1251, 0.1251],
        [0.1250, 0.1248, 0.1249, 0.1252, 0.1249, 0.1250, 0.1249, 0.1251]],
       device='cuda:0', grad_fn=<SoftmaxBackward>)
tensor([[0.1251, 0.1249, 0.1252, 0.1249, 0.1250, 0.1250, 0.1249, 0.1250],
        [0.1250, 0.1249, 0.1250, 0.1251, 0.1251, 0.1249, 0.1250, 0.1251],
        [0.1250, 0.1250, 0.1250, 0.1249, 0.1250, 0.1250, 0.1250, 0.1252]],
       device='cuda:0', grad_fn=<SoftmaxBackward>)
tensor([[0.1251, 0.1247, 0.1249, 0.1252, 0.1252, 0.1249, 0.1251, 0.1249],
        [0.1250, 0.1250, 0.1250, 0.1251, 0.1253, 0.1249, 0.1249, 0.1248],
        [0.1250, 0.1252, 0.1250, 0.1250, 0.1251, 0.1248, 0.1251, 0.1249],
        [0.1250, 0.1251, 0.1251, 0.1249, 0.1248, 0.1251, 0.1250, 0.1250]],
       device='cuda:0', grad_fn=<SoftmaxBackward>)
tensor([[0.1250, 0.1249, 0.1251, 0.1251, 0.1251, 0.1249, 0.1250, 0.1250],
        [0.1252, 0.1249, 0.1251, 0.1251, 0.1250, 0.1249, 0.1249, 0.1249],
        [0.1249, 0.1250, 0.1251, 0.1250, 0.1249, 0.1250, 0.1250, 0.1252],
        [0.1250, 0.1249, 0.1250, 0.1251, 0.1250, 0.1251, 0.1250, 0.1249],
        [0.1249, 0.1251, 0.1250, 0.1251, 0.1248, 0.1251, 0.1249, 0.1251]],
       device='cuda:0', grad_fn=<SoftmaxBackward>)
#####################
07/23 08:37:23 AM | size of train loader is 391
07/23 08:37:29 AM | Train: [ 1/50] Step 000/390 Loss 0.012 Prec@(1,5) (1.6%, 9.4%)
07/23 08:40:59 AM | Train: [ 1/50] Step 050/390 Loss 0.012 Prec@(1,5) (1.0%, 5.2%)
07/23 08:43:01 AM | 
07/23 08:43:01 AM | Parameters:
07/23 08:43:01 AM | ALPHA_LR=0.0003
07/23 08:43:01 AM | ALPHA_WEIGHT_DECAY=0.001
07/23 08:43:01 AM | BATCH_SIZE=64
07/23 08:43:01 AM | DATA_PATH=./data/
07/23 08:43:01 AM | DATASET=cifar100
07/23 08:43:01 AM | EPOCHS=50
07/23 08:43:01 AM | GPUS=[0]
07/23 08:43:01 AM | INIT_CHANNELS=16
07/23 08:43:01 AM | LAYERS=8
07/23 08:43:01 AM | NAME=cifar100-2e
07/23 08:43:01 AM | PATH=searchs/cifar100-2e
07/23 08:43:01 AM | PLOT_PATH=searchs/cifar100-2e/plots
07/23 08:43:01 AM | PRINT_FREQ=50
07/23 08:43:01 AM | SEED=2
07/23 08:43:01 AM | W_GRAD_CLIP=5.0
07/23 08:43:01 AM | W_LR=0.025
07/23 08:43:01 AM | W_LR_MIN=0.001
07/23 08:43:01 AM | W_MOMENTUM=0.9
07/23 08:43:01 AM | W_WEIGHT_DECAY=0.0003
07/23 08:43:01 AM | WORKERS=4
07/23 08:43:01 AM | 
07/23 08:43:01 AM | Logger is set - training start
####### ALPHA #######
# Alpha - normal
tensor([[0.1249, 0.1252, 0.1249, 0.1249, 0.1249, 0.1252, 0.1249, 0.1250],
        [0.1249, 0.1251, 0.1250, 0.1250, 0.1252, 0.1249, 0.1250, 0.1250]],
       device='cuda:0', grad_fn=<SoftmaxBackward>)
tensor([[0.1249, 0.1253, 0.1250, 0.1250, 0.1249, 0.1250, 0.1250, 0.1249],
        [0.1251, 0.1247, 0.1249, 0.1253, 0.1248, 0.1249, 0.1251, 0.1253],
        [0.1250, 0.1250, 0.1249, 0.1251, 0.1252, 0.1250, 0.1251, 0.1249]],
       device='cuda:0', grad_fn=<SoftmaxBackward>)
tensor([[0.1250, 0.1249, 0.1250, 0.1250, 0.1250, 0.1251, 0.1249, 0.1251],
        [0.1250, 0.1249, 0.1251, 0.1249, 0.1249, 0.1253, 0.1252, 0.1248],
        [0.1250, 0.1250, 0.1251, 0.1248, 0.1251, 0.1250, 0.1251, 0.1250],
        [0.1250, 0.1251, 0.1250, 0.1251, 0.1251, 0.1251, 0.1249, 0.1248]],
       device='cuda:0', grad_fn=<SoftmaxBackward>)
tensor([[0.1250, 0.1250, 0.1249, 0.1249, 0.1251, 0.1250, 0.1249, 0.1252],
        [0.1250, 0.1252, 0.1252, 0.1248, 0.1250, 0.1249, 0.1248, 0.1251],
        [0.1251, 0.1251, 0.1250, 0.1251, 0.1248, 0.1250, 0.1249, 0.1249],
        [0.1249, 0.1250, 0.1250, 0.1253, 0.1251, 0.1251, 0.1247, 0.1249],
        [0.1251, 0.1251, 0.1252, 0.1249, 0.1249, 0.1251, 0.1250, 0.1249]],
       device='cuda:0', grad_fn=<SoftmaxBackward>)

# Alpha - reduce
tensor([[0.1248, 0.1249, 0.1249, 0.1251, 0.1250, 0.1250, 0.1251, 0.1251],
        [0.1250, 0.1248, 0.1249, 0.1252, 0.1249, 0.1250, 0.1249, 0.1251]],
       device='cuda:0', grad_fn=<SoftmaxBackward>)
tensor([[0.1251, 0.1249, 0.1252, 0.1249, 0.1250, 0.1250, 0.1249, 0.1250],
        [0.1250, 0.1249, 0.1250, 0.1251, 0.1251, 0.1249, 0.1250, 0.1251],
        [0.1250, 0.1250, 0.1250, 0.1249, 0.1250, 0.1250, 0.1250, 0.1252]],
       device='cuda:0', grad_fn=<SoftmaxBackward>)
tensor([[0.1251, 0.1247, 0.1249, 0.1252, 0.1252, 0.1249, 0.1251, 0.1249],
        [0.1250, 0.1250, 0.1250, 0.1251, 0.1253, 0.1249, 0.1249, 0.1248],
        [0.1250, 0.1252, 0.1250, 0.1250, 0.1251, 0.1248, 0.1251, 0.1249],
        [0.1250, 0.1251, 0.1251, 0.1249, 0.1248, 0.1251, 0.1250, 0.1250]],
       device='cuda:0', grad_fn=<SoftmaxBackward>)
tensor([[0.1250, 0.1249, 0.1251, 0.1251, 0.1251, 0.1249, 0.1250, 0.1250],
        [0.1252, 0.1249, 0.1251, 0.1251, 0.1250, 0.1249, 0.1249, 0.1249],
        [0.1249, 0.1250, 0.1251, 0.1250, 0.1249, 0.1250, 0.1250, 0.1252],
        [0.1250, 0.1249, 0.1250, 0.1251, 0.1250, 0.1251, 0.1250, 0.1249],
        [0.1249, 0.1251, 0.1250, 0.1251, 0.1248, 0.1251, 0.1249, 0.1251]],
       device='cuda:0', grad_fn=<SoftmaxBackward>)
#####################
07/23 08:43:08 AM | size of train loader is 391
07/23 08:43:17 AM | Train: [ 1/50] Step 000/390 Loss 0.012 Prec@(1,5) (1.6%, 9.4%)
07/23 08:46:47 AM | Train: [ 1/50] Step 050/390 Loss 0.012 Prec@(1,5) (1.0%, 5.2%)
07/23 08:50:35 AM | Train: [ 1/50] Step 100/390 Loss 0.012 Prec@(1,5) (1.2%, 5.5%)
07/23 08:54:14 AM | Train: [ 1/50] Step 150/390 Loss 0.012 Prec@(1,5) (1.3%, 5.9%)
07/23 08:57:53 AM | Train: [ 1/50] Step 200/390 Loss 0.012 Prec@(1,5) (1.3%, 6.1%)
07/23 09:01:31 AM | Train: [ 1/50] Step 250/390 Loss 0.012 Prec@(1,5) (1.5%, 6.6%)
07/23 09:05:08 AM | Train: [ 1/50] Step 300/390 Loss 0.012 Prec@(1,5) (1.7%, 6.9%)
07/23 09:08:34 AM | Train: [ 1/50] Step 350/390 Loss 0.012 Prec@(1,5) (1.8%, 7.3%)
07/23 09:11:28 AM | Train: [ 1/50] Step 390/390 Loss 0.012 Prec@(1,5) (1.9%, 7.6%)
07/23 09:11:28 AM | Train: [ 1/50] Final Prec@1 1.9360%
07/23 09:11:29 AM | Valid: [ 1/50] Step 000/390 Loss 4.342 Prec@(1,5) (6.2%, 9.4%)
07/23 09:11:41 AM | Valid: [ 1/50] Step 050/390 Loss 4.483 Prec@(1,5) (3.4%, 11.6%)
07/23 09:11:51 AM | Valid: [ 1/50] Step 100/390 Loss 4.490 Prec@(1,5) (3.0%, 11.1%)
07/23 09:12:04 AM | Valid: [ 1/50] Step 150/390 Loss 4.492 Prec@(1,5) (3.1%, 11.1%)
07/23 09:12:16 AM | Valid: [ 1/50] Step 200/390 Loss 4.491 Prec@(1,5) (3.1%, 11.1%)
07/23 09:12:27 AM | Valid: [ 1/50] Step 250/390 Loss 4.495 Prec@(1,5) (2.9%, 10.9%)
07/23 09:12:40 AM | Valid: [ 1/50] Step 300/390 Loss 4.497 Prec@(1,5) (2.9%, 10.8%)
07/23 09:12:55 AM | Valid: [ 1/50] Step 350/390 Loss 4.498 Prec@(1,5) (2.8%, 10.7%)
07/23 09:13:06 AM | Valid: [ 1/50] Step 390/390 Loss 4.499 Prec@(1,5) (2.8%, 10.6%)
07/23 09:13:06 AM | Valid: [ 1/50] Final Prec@1 2.7920%
07/23 09:13:06 AM | genotype = Genotype(normal=[[('dil_conv_3x3', 0), ('dil_conv_3x3', 1)], [('sep_conv_3x3', 1), ('dil_conv_5x5', 2)], [('dil_conv_3x3', 3), ('dil_conv_3x3', 1)], [('sep_conv_5x5', 1), ('dil_conv_5x5', 2)]], normal_concat=range(2, 6), reduce=[[('avg_pool_3x3', 0), ('skip_connect', 1)], [('skip_connect', 1), ('max_pool_3x3', 0)], [('sep_conv_5x5', 0), ('dil_conv_5x5', 3)], [('max_pool_3x3', 0), ('avg_pool_3x3', 2)]], reduce_concat=range(2, 6))
####### ALPHA #######
# Alpha - normal
tensor([[0.1238, 0.1257, 0.1252, 0.1232, 0.1257, 0.1269, 0.1247, 0.1248],
        [0.1239, 0.1250, 0.1258, 0.1243, 0.1240, 0.1259, 0.1256, 0.1256]],
       device='cuda:0', grad_fn=<SoftmaxBackward>)
tensor([[0.1226, 0.1245, 0.1239, 0.1263, 0.1264, 0.1258, 0.1254, 0.1252],
        [0.1216, 0.1225, 0.1233, 0.1280, 0.1248, 0.1267, 0.1270, 0.1262],
        [0.1214, 0.1227, 0.1243, 0.1249, 0.1261, 0.1260, 0.1265, 0.1280]],
       device='cuda:0', grad_fn=<SoftmaxBackward>)
tensor([[0.1234, 0.1236, 0.1240, 0.1237, 0.1248, 0.1271, 0.1267, 0.1268],
        [0.1230, 0.1233, 0.1235, 0.1254, 0.1252, 0.1279, 0.1264, 0.1253],
        [0.1221, 0.1218, 0.1234, 0.1272, 0.1256, 0.1263, 0.1251, 0.1285],
        [0.1219, 0.1217, 0.1219, 0.1259, 0.1273, 0.1284, 0.1269, 0.1259]],
       device='cuda:0', grad_fn=<SoftmaxBackward>)
tensor([[0.1252, 0.1269, 0.1270, 0.1238, 0.1240, 0.1244, 0.1243, 0.1243],
        [0.1225, 0.1223, 0.1238, 0.1246, 0.1281, 0.1257, 0.1238, 0.1292],
        [0.1217, 0.1218, 0.1244, 0.1268, 0.1260, 0.1238, 0.1277, 0.1277],
        [0.1218, 0.1224, 0.1240, 0.1267, 0.1253, 0.1266, 0.1261, 0.1271],
        [0.1224, 0.1227, 0.1237, 0.1233, 0.1276, 0.1266, 0.1252, 0.1285]],
       device='cuda:0', grad_fn=<SoftmaxBackward>)

# Alpha - reduce
tensor([[0.1269, 0.1276, 0.1220, 0.1248, 0.1276, 0.1225, 0.1254, 0.1231],
        [0.1228, 0.1229, 0.1267, 0.1257, 0.1259, 0.1266, 0.1252, 0.1243]],
       device='cuda:0', grad_fn=<SoftmaxBackward>)
tensor([[0.1278, 0.1276, 0.1239, 0.1229, 0.1243, 0.1239, 0.1257, 0.1239],
        [0.1214, 0.1216, 0.1278, 0.1268, 0.1252, 0.1270, 0.1225, 0.1277],
        [0.1236, 0.1233, 0.1243, 0.1251, 0.1255, 0.1259, 0.1270, 0.1253]],
       device='cuda:0', grad_fn=<SoftmaxBackward>)
tensor([[0.1249, 0.1252, 0.1229, 0.1249, 0.1272, 0.1250, 0.1228, 0.1270],
        [0.1246, 0.1247, 0.1231, 0.1269, 0.1249, 0.1243, 0.1244, 0.1271],
        [0.1223, 0.1241, 0.1249, 0.1259, 0.1255, 0.1259, 0.1267, 0.1246],
        [0.1225, 0.1239, 0.1252, 0.1265, 0.1246, 0.1238, 0.1271, 0.1264]],
       device='cuda:0', grad_fn=<SoftmaxBackward>)
tensor([[0.1286, 0.1279, 0.1240, 0.1235, 0.1226, 0.1243, 0.1256, 0.1236],
        [0.1241, 0.1230, 0.1270, 0.1253, 0.1233, 0.1267, 0.1242, 0.1263],
        [0.1266, 0.1276, 0.1265, 0.1233, 0.1259, 0.1226, 0.1249, 0.1226],
        [0.1255, 0.1260, 0.1266, 0.1245, 0.1227, 0.1263, 0.1250, 0.1234],
        [0.1260, 0.1266, 0.1267, 0.1227, 0.1246, 0.1249, 0.1241, 0.1244]],
       device='cuda:0', grad_fn=<SoftmaxBackward>)
#####################
07/23 09:13:08 AM | size of train loader is 391
07/23 09:13:14 AM | Train: [ 2/50] Step 000/390 Loss 0.011 Prec@(1,5) (1.6%, 12.5%)
07/23 09:16:38 AM | Train: [ 2/50] Step 050/390 Loss 0.012 Prec@(1,5) (2.8%, 11.5%)
07/23 09:20:02 AM | Train: [ 2/50] Step 100/390 Loss 0.011 Prec@(1,5) (3.0%, 11.4%)
07/23 09:23:25 AM | Train: [ 2/50] Step 150/390 Loss 0.011 Prec@(1,5) (3.1%, 11.3%)
07/23 09:26:52 AM | Train: [ 2/50] Step 200/390 Loss 0.011 Prec@(1,5) (3.2%, 11.5%)
07/23 09:30:14 AM | Train: [ 2/50] Step 250/390 Loss 0.011 Prec@(1,5) (3.3%, 11.8%)
07/23 09:33:40 AM | Train: [ 2/50] Step 300/390 Loss 0.011 Prec@(1,5) (3.3%, 11.9%)
07/23 09:37:06 AM | Train: [ 2/50] Step 350/390 Loss 0.011 Prec@(1,5) (3.4%, 11.9%)
07/23 09:39:52 AM | Train: [ 2/50] Step 390/390 Loss 0.011 Prec@(1,5) (3.5%, 12.1%)
07/23 09:39:52 AM | Train: [ 2/50] Final Prec@1 3.4720%
07/23 09:39:52 AM | Valid: [ 2/50] Step 000/390 Loss 4.300 Prec@(1,5) (6.2%, 15.6%)
07/23 09:40:02 AM | Valid: [ 2/50] Step 050/390 Loss 4.418 Prec@(1,5) (3.6%, 13.5%)
07/23 09:40:12 AM | Valid: [ 2/50] Step 100/390 Loss 4.414 Prec@(1,5) (3.9%, 14.0%)
07/23 09:40:23 AM | Valid: [ 2/50] Step 150/390 Loss 4.412 Prec@(1,5) (4.0%, 14.3%)
07/23 09:40:34 AM | Valid: [ 2/50] Step 200/390 Loss 4.414 Prec@(1,5) (4.1%, 14.3%)
07/23 09:40:45 AM | Valid: [ 2/50] Step 250/390 Loss 4.414 Prec@(1,5) (4.0%, 13.9%)
07/23 09:40:55 AM | Valid: [ 2/50] Step 300/390 Loss 4.413 Prec@(1,5) (4.0%, 13.9%)
07/23 09:41:06 AM | Valid: [ 2/50] Step 350/390 Loss 4.413 Prec@(1,5) (4.1%, 14.0%)
07/23 09:41:16 AM | Valid: [ 2/50] Step 390/390 Loss 4.411 Prec@(1,5) (4.1%, 14.1%)
07/23 09:41:16 AM | Valid: [ 2/50] Final Prec@1 4.0760%
07/23 09:41:16 AM | genotype = Genotype(normal=[[('dil_conv_3x3', 0), ('dil_conv_3x3', 1)], [('sep_conv_3x3', 1), ('sep_conv_5x5', 0)], [('dil_conv_3x3', 1), ('sep_conv_5x5', 3)], [('avg_pool_3x3', 0), ('sep_conv_5x5', 1)]], normal_concat=range(2, 6), reduce=[[('avg_pool_3x3', 0), ('sep_conv_5x5', 1)], [('max_pool_3x3', 0), ('dil_conv_3x3', 1)], [('dil_conv_5x5', 3), ('dil_conv_5x5', 2)], [('max_pool_3x3', 0), ('avg_pool_3x3', 2)]], reduce_concat=range(2, 6))
####### ALPHA #######
# Alpha - normal
tensor([[0.1235, 0.1263, 0.1260, 0.1223, 0.1258, 0.1278, 0.1241, 0.1242],
        [0.1237, 0.1263, 0.1266, 0.1224, 0.1245, 0.1272, 0.1246, 0.1247]],
       device='cuda:0', grad_fn=<SoftmaxBackward>)
tensor([[0.1215, 0.1255, 0.1243, 0.1265, 0.1281, 0.1254, 0.1253, 0.1235],
        [0.1200, 0.1236, 0.1246, 0.1286, 0.1235, 0.1268, 0.1266, 0.1264],
        [0.1206, 0.1231, 0.1248, 0.1253, 0.1259, 0.1252, 0.1273, 0.1278]],
       device='cuda:0', grad_fn=<SoftmaxBackward>)
tensor([[0.1243, 0.1245, 0.1244, 0.1217, 0.1237, 0.1273, 0.1270, 0.1272],
        [0.1227, 0.1236, 0.1236, 0.1243, 0.1246, 0.1285, 0.1274, 0.1252],
        [0.1228, 0.1225, 0.1240, 0.1277, 0.1257, 0.1253, 0.1235, 0.1284],
        [0.1227, 0.1226, 0.1228, 0.1254, 0.1282, 0.1279, 0.1256, 0.1249]],
       device='cuda:0', grad_fn=<SoftmaxBackward>)
tensor([[0.1272, 0.1293, 0.1291, 0.1226, 0.1226, 0.1222, 0.1238, 0.1233],
        [0.1225, 0.1233, 0.1246, 0.1234, 0.1290, 0.1247, 0.1229, 0.1296],
        [0.1216, 0.1222, 0.1254, 0.1270, 0.1258, 0.1232, 0.1283, 0.1266],
        [0.1223, 0.1237, 0.1262, 0.1266, 0.1241, 0.1254, 0.1252, 0.1266],
        [0.1222, 0.1230, 0.1244, 0.1208, 0.1287, 0.1262, 0.1268, 0.1279]],
       device='cuda:0', grad_fn=<SoftmaxBackward>)

# Alpha - reduce
tensor([[0.1286, 0.1300, 0.1203, 0.1260, 0.1276, 0.1201, 0.1266, 0.1208],
        [0.1206, 0.1207, 0.1265, 0.1264, 0.1274, 0.1272, 0.1262, 0.1249]],
       device='cuda:0', grad_fn=<SoftmaxBackward>)
tensor([[0.1306, 0.1303, 0.1212, 0.1207, 0.1236, 0.1244, 0.1255, 0.1237],
        [0.1186, 0.1192, 0.1293, 0.1264, 0.1253, 0.1298, 0.1209, 0.1305],
        [0.1232, 0.1227, 0.1242, 0.1250, 0.1249, 0.1271, 0.1275, 0.1255]],
       device='cuda:0', grad_fn=<SoftmaxBackward>)
tensor([[0.1256, 0.1259, 0.1222, 0.1241, 0.1273, 0.1232, 0.1226, 0.1291],
        [0.1233, 0.1234, 0.1225, 0.1274, 0.1266, 0.1242, 0.1245, 0.1280],
        [0.1204, 0.1227, 0.1241, 0.1265, 0.1252, 0.1268, 0.1288, 0.1255],
        [0.1224, 0.1242, 0.1252, 0.1249, 0.1253, 0.1224, 0.1285, 0.1272]],
       device='cuda:0', grad_fn=<SoftmaxBackward>)
tensor([[0.1323, 0.1316, 0.1218, 0.1226, 0.1201, 0.1232, 0.1257, 0.1226],
        [0.1242, 0.1227, 0.1278, 0.1247, 0.1228, 0.1261, 0.1242, 0.1275],
        [0.1298, 0.1313, 0.1284, 0.1214, 0.1257, 0.1196, 0.1235, 0.1203],
        [0.1273, 0.1284, 0.1283, 0.1236, 0.1203, 0.1268, 0.1241, 0.1213],
        [0.1286, 0.1290, 0.1284, 0.1196, 0.1244, 0.1248, 0.1235, 0.1217]],
       device='cuda:0', grad_fn=<SoftmaxBackward>)
#####################
07/23 09:41:17 AM | size of train loader is 391
07/23 09:41:21 AM | Train: [ 3/50] Step 000/390 Loss 0.011 Prec@(1,5) (3.1%, 9.4%)
07/23 09:44:52 AM | Train: [ 3/50] Step 050/390 Loss 0.011 Prec@(1,5) (4.2%, 13.7%)
07/23 09:48:15 AM | Train: [ 3/50] Step 100/390 Loss 0.011 Prec@(1,5) (4.4%, 14.3%)
07/23 09:51:44 AM | Train: [ 3/50] Step 150/390 Loss 0.011 Prec@(1,5) (4.3%, 14.5%)
07/23 09:55:18 AM | Train: [ 3/50] Step 200/390 Loss 0.011 Prec@(1,5) (4.3%, 14.5%)
07/23 09:59:01 AM | Train: [ 3/50] Step 250/390 Loss 0.011 Prec@(1,5) (4.4%, 14.9%)
07/23 10:02:43 AM | Train: [ 3/50] Step 300/390 Loss 0.011 Prec@(1,5) (4.5%, 15.2%)
07/23 10:06:23 AM | Train: [ 3/50] Step 350/390 Loss 0.011 Prec@(1,5) (4.5%, 15.3%)
07/23 10:09:17 AM | Train: [ 3/50] Step 390/390 Loss 0.011 Prec@(1,5) (4.6%, 15.4%)
07/23 10:09:17 AM | Train: [ 3/50] Final Prec@1 4.5600%
07/23 10:09:18 AM | Valid: [ 3/50] Step 000/390 Loss 4.302 Prec@(1,5) (1.6%, 17.2%)
07/23 10:09:30 AM | Valid: [ 3/50] Step 050/390 Loss 4.359 Prec@(1,5) (4.8%, 17.6%)
07/23 10:09:43 AM | Valid: [ 3/50] Step 100/390 Loss 4.359 Prec@(1,5) (5.0%, 17.2%)
07/23 10:09:54 AM | Valid: [ 3/50] Step 150/390 Loss 4.358 Prec@(1,5) (5.2%, 17.3%)
07/23 10:10:06 AM | Valid: [ 3/50] Step 200/390 Loss 4.355 Prec@(1,5) (5.3%, 17.3%)
07/23 10:10:23 AM | Valid: [ 3/50] Step 250/390 Loss 4.348 Prec@(1,5) (5.3%, 17.4%)
07/23 10:10:36 AM | Valid: [ 3/50] Step 300/390 Loss 4.346 Prec@(1,5) (5.3%, 17.4%)
07/23 10:10:47 AM | Valid: [ 3/50] Step 350/390 Loss 4.343 Prec@(1,5) (5.4%, 17.5%)
07/23 10:10:57 AM | Valid: [ 3/50] Step 390/390 Loss 4.342 Prec@(1,5) (5.4%, 17.5%)
07/23 10:10:57 AM | Valid: [ 3/50] Final Prec@1 5.4320%
07/23 10:10:57 AM | genotype = Genotype(normal=[[('avg_pool_3x3', 1), ('dil_conv_3x3', 0)], [('sep_conv_3x3', 1), ('sep_conv_5x5', 0)], [('sep_conv_3x3', 2), ('dil_conv_3x3', 1)], [('avg_pool_3x3', 0), ('skip_connect', 3)]], normal_concat=range(2, 6), reduce=[[('avg_pool_3x3', 0), ('dil_conv_3x3', 1)], [('max_pool_3x3', 0), ('dil_conv_3x3', 1)], [('dil_conv_5x5', 3), ('dil_conv_5x5', 2)], [('max_pool_3x3', 0), ('avg_pool_3x3', 2)]], reduce_concat=range(2, 6))
####### ALPHA #######
# Alpha - normal
tensor([[0.1232, 0.1276, 0.1269, 0.1230, 0.1251, 0.1281, 0.1231, 0.1230],
        [0.1245, 0.1288, 0.1285, 0.1200, 0.1240, 0.1268, 0.1244, 0.1229]],
       device='cuda:0', grad_fn=<SoftmaxBackward>)
tensor([[0.1216, 0.1278, 0.1256, 0.1254, 0.1288, 0.1238, 0.1255, 0.1214],
        [0.1195, 0.1256, 0.1270, 0.1294, 0.1222, 0.1257, 0.1256, 0.1249],
        [0.1217, 0.1252, 0.1270, 0.1243, 0.1237, 0.1245, 0.1273, 0.1263]],
       device='cuda:0', grad_fn=<SoftmaxBackward>)
tensor([[0.1256, 0.1264, 0.1262, 0.1191, 0.1238, 0.1265, 0.1272, 0.1252],
        [0.1225, 0.1246, 0.1246, 0.1216, 0.1252, 0.1295, 0.1273, 0.1248],
        [0.1231, 0.1234, 0.1249, 0.1292, 0.1244, 0.1238, 0.1233, 0.1279],
        [0.1238, 0.1247, 0.1246, 0.1252, 0.1272, 0.1268, 0.1242, 0.1235]],
       device='cuda:0', grad_fn=<SoftmaxBackward>)
tensor([[0.1278, 0.1313, 0.1307, 0.1224, 0.1213, 0.1197, 0.1240, 0.1228],
        [0.1243, 0.1268, 0.1273, 0.1216, 0.1271, 0.1244, 0.1208, 0.1278],
        [0.1223, 0.1236, 0.1263, 0.1265, 0.1263, 0.1226, 0.1281, 0.1242],
        [0.1248, 0.1269, 0.1290, 0.1259, 0.1230, 0.1233, 0.1222, 0.1248],
        [0.1239, 0.1255, 0.1266, 0.1178, 0.1258, 0.1271, 0.1279, 0.1254]],
       device='cuda:0', grad_fn=<SoftmaxBackward>)

# Alpha - reduce
tensor([[0.1301, 0.1321, 0.1199, 0.1265, 0.1278, 0.1183, 0.1271, 0.1182],
        [0.1197, 0.1198, 0.1249, 0.1255, 0.1275, 0.1282, 0.1279, 0.1264]],
       device='cuda:0', grad_fn=<SoftmaxBackward>)
tensor([[0.1324, 0.1320, 0.1183, 0.1192, 0.1236, 0.1254, 0.1260, 0.1231],
        [0.1173, 0.1179, 0.1299, 0.1260, 0.1240, 0.1312, 0.1210, 0.1327],
        [0.1217, 0.1216, 0.1236, 0.1249, 0.1249, 0.1291, 0.1282, 0.1261]],
       device='cuda:0', grad_fn=<SoftmaxBackward>)
tensor([[0.1270, 0.1271, 0.1200, 0.1247, 0.1268, 0.1220, 0.1211, 0.1312],
        [0.1218, 0.1218, 0.1228, 0.1281, 0.1282, 0.1236, 0.1257, 0.1280],
        [0.1185, 0.1207, 0.1218, 0.1277, 0.1256, 0.1293, 0.1305, 0.1259],
        [0.1216, 0.1228, 0.1243, 0.1247, 0.1258, 0.1222, 0.1299, 0.1288]],
       device='cuda:0', grad_fn=<SoftmaxBackward>)
tensor([[0.1369, 0.1360, 0.1195, 0.1214, 0.1190, 0.1211, 0.1254, 0.1205],
        [0.1237, 0.1221, 0.1281, 0.1242, 0.1219, 0.1259, 0.1249, 0.1292],
        [0.1315, 0.1349, 0.1305, 0.1192, 0.1254, 0.1177, 0.1215, 0.1193],
        [0.1289, 0.1308, 0.1303, 0.1230, 0.1185, 0.1256, 0.1228, 0.1201],
        [0.1300, 0.1311, 0.1294, 0.1176, 0.1253, 0.1245, 0.1228, 0.1193]],
       device='cuda:0', grad_fn=<SoftmaxBackward>)
#####################
07/23 10:10:58 AM | size of train loader is 391
07/23 10:11:04 AM | Train: [ 4/50] Step 000/390 Loss 0.011 Prec@(1,5) (3.1%, 15.6%)
07/23 10:14:40 AM | Train: [ 4/50] Step 050/390 Loss 0.011 Prec@(1,5) (5.4%, 17.8%)
07/23 10:17:59 AM | Train: [ 4/50] Step 100/390 Loss 0.011 Prec@(1,5) (5.4%, 17.7%)
07/23 10:21:15 AM | Train: [ 4/50] Step 150/390 Loss 0.011 Prec@(1,5) (5.6%, 18.0%)
07/23 10:24:31 AM | Train: [ 4/50] Step 200/390 Loss 0.011 Prec@(1,5) (5.5%, 18.0%)
07/23 10:28:07 AM | Train: [ 4/50] Step 250/390 Loss 0.011 Prec@(1,5) (5.6%, 18.0%)
07/23 10:31:31 AM | Train: [ 4/50] Step 300/390 Loss 0.011 Prec@(1,5) (5.6%, 18.2%)
07/23 10:35:02 AM | Train: [ 4/50] Step 350/390 Loss 0.011 Prec@(1,5) (5.5%, 18.3%)
07/23 10:37:58 AM | Train: [ 4/50] Step 390/390 Loss 0.011 Prec@(1,5) (5.6%, 18.4%)
07/23 10:37:58 AM | Train: [ 4/50] Final Prec@1 5.6240%
07/23 10:37:58 AM | Valid: [ 4/50] Step 000/390 Loss 4.202 Prec@(1,5) (6.2%, 28.1%)
07/23 10:38:08 AM | Valid: [ 4/50] Step 050/390 Loss 4.268 Prec@(1,5) (6.4%, 20.3%)
07/23 10:38:20 AM | Valid: [ 4/50] Step 100/390 Loss 4.279 Prec@(1,5) (6.5%, 20.3%)
07/23 10:38:36 AM | Valid: [ 4/50] Step 150/390 Loss 4.281 Prec@(1,5) (6.4%, 20.1%)
07/23 10:38:51 AM | Valid: [ 4/50] Step 200/390 Loss 4.281 Prec@(1,5) (6.4%, 20.1%)
07/23 10:39:03 AM | Valid: [ 4/50] Step 250/390 Loss 4.282 Prec@(1,5) (6.3%, 20.0%)
07/23 10:39:16 AM | Valid: [ 4/50] Step 300/390 Loss 4.282 Prec@(1,5) (6.3%, 20.0%)
07/23 10:39:27 AM | Valid: [ 4/50] Step 350/390 Loss 4.281 Prec@(1,5) (6.3%, 20.1%)
07/23 10:39:35 AM | Valid: [ 4/50] Step 390/390 Loss 4.283 Prec@(1,5) (6.3%, 20.0%)
07/23 10:39:35 AM | Valid: [ 4/50] Final Prec@1 6.2800%
07/23 10:39:35 AM | genotype = Genotype(normal=[[('avg_pool_3x3', 1), ('avg_pool_3x3', 0)], [('skip_connect', 1), ('skip_connect', 2)], [('avg_pool_3x3', 3), ('sep_conv_3x3', 2)], [('avg_pool_3x3', 0), ('skip_connect', 3)]], normal_concat=range(2, 6), reduce=[[('avg_pool_3x3', 0), ('dil_conv_5x5', 1)], [('max_pool_3x3', 0), ('dil_conv_3x3', 1)], [('dil_conv_5x5', 2), ('dil_conv_5x5', 3)], [('max_pool_3x3', 0), ('avg_pool_3x3', 2)]], reduce_concat=range(2, 6))
####### ALPHA #######
# Alpha - normal
tensor([[0.1238, 0.1293, 0.1277, 0.1213, 0.1247, 0.1276, 0.1229, 0.1227],
        [0.1270, 0.1327, 0.1322, 0.1172, 0.1232, 0.1262, 0.1217, 0.1197]],
       device='cuda:0', grad_fn=<SoftmaxBackward>)
tensor([[0.1212, 0.1292, 0.1259, 0.1253, 0.1298, 0.1235, 0.1261, 0.1192],
        [0.1201, 0.1287, 0.1301, 0.1286, 0.1222, 0.1228, 0.1247, 0.1228],
        [0.1229, 0.1277, 0.1295, 0.1241, 0.1227, 0.1225, 0.1256, 0.1250]],
       device='cuda:0', grad_fn=<SoftmaxBackward>)
tensor([[0.1269, 0.1280, 0.1278, 0.1173, 0.1237, 0.1249, 0.1268, 0.1246],
        [0.1257, 0.1287, 0.1290, 0.1181, 0.1235, 0.1278, 0.1256, 0.1215],
        [0.1258, 0.1269, 0.1268, 0.1294, 0.1222, 0.1217, 0.1219, 0.1252],
        [0.1280, 0.1296, 0.1289, 0.1228, 0.1257, 0.1246, 0.1216, 0.1188]],
       device='cuda:0', grad_fn=<SoftmaxBackward>)
tensor([[0.1302, 0.1346, 0.1328, 0.1215, 0.1188, 0.1172, 0.1237, 0.1212],
        [0.1269, 0.1306, 0.1310, 0.1205, 0.1254, 0.1229, 0.1188, 0.1240],
        [0.1253, 0.1270, 0.1283, 0.1268, 0.1250, 0.1213, 0.1266, 0.1197],
        [0.1291, 0.1320, 0.1338, 0.1255, 0.1200, 0.1207, 0.1183, 0.1204],
        [0.1277, 0.1298, 0.1315, 0.1145, 0.1238, 0.1258, 0.1258, 0.1210]],
       device='cuda:0', grad_fn=<SoftmaxBackward>)

# Alpha - reduce
tensor([[0.1325, 0.1338, 0.1190, 0.1271, 0.1290, 0.1168, 0.1272, 0.1144],
        [0.1184, 0.1185, 0.1222, 0.1247, 0.1285, 0.1293, 0.1294, 0.1291]],
       device='cuda:0', grad_fn=<SoftmaxBackward>)
tensor([[0.1357, 0.1346, 0.1162, 0.1178, 0.1224, 0.1253, 0.1253, 0.1226],
        [0.1156, 0.1163, 0.1308, 0.1267, 0.1232, 0.1327, 0.1199, 0.1348],
        [0.1218, 0.1217, 0.1238, 0.1244, 0.1244, 0.1296, 0.1279, 0.1264]],
       device='cuda:0', grad_fn=<SoftmaxBackward>)
tensor([[0.1299, 0.1293, 0.1185, 0.1243, 0.1270, 0.1203, 0.1189, 0.1320],
        [0.1205, 0.1206, 0.1244, 0.1291, 0.1289, 0.1225, 0.1254, 0.1286],
        [0.1175, 0.1199, 0.1203, 0.1288, 0.1255, 0.1306, 0.1324, 0.1250],
        [0.1225, 0.1231, 0.1246, 0.1236, 0.1257, 0.1204, 0.1305, 0.1296]],
       device='cuda:0', grad_fn=<SoftmaxBackward>)
tensor([[0.1408, 0.1397, 0.1186, 0.1203, 0.1170, 0.1187, 0.1249, 0.1199],
        [0.1225, 0.1211, 0.1292, 0.1238, 0.1203, 0.1268, 0.1264, 0.1299],
        [0.1332, 0.1376, 0.1318, 0.1165, 0.1257, 0.1162, 0.1211, 0.1180],
        [0.1301, 0.1322, 0.1308, 0.1231, 0.1184, 0.1246, 0.1212, 0.1195],
        [0.1306, 0.1314, 0.1285, 0.1185, 0.1259, 0.1242, 0.1211, 0.1196]],
       device='cuda:0', grad_fn=<SoftmaxBackward>)
#####################
07/23 10:39:37 AM | size of train loader is 391
07/23 10:39:42 AM | Train: [ 5/50] Step 000/390 Loss 0.011 Prec@(1,5) (1.6%, 17.2%)
07/23 10:43:18 AM | Train: [ 5/50] Step 050/390 Loss 0.011 Prec@(1,5) (7.0%, 20.6%)
07/23 10:47:06 AM | Train: [ 5/50] Step 100/390 Loss 0.011 Prec@(1,5) (6.9%, 20.6%)
07/23 10:50:47 AM | Train: [ 5/50] Step 150/390 Loss 0.011 Prec@(1,5) (6.9%, 20.7%)
07/23 10:54:20 AM | Train: [ 5/50] Step 200/390 Loss 0.011 Prec@(1,5) (6.8%, 20.4%)
07/23 10:58:07 AM | Train: [ 5/50] Step 250/390 Loss 0.011 Prec@(1,5) (6.7%, 20.6%)
07/23 11:01:40 AM | Train: [ 5/50] Step 300/390 Loss 0.011 Prec@(1,5) (6.7%, 20.9%)
07/23 11:05:15 AM | Train: [ 5/50] Step 350/390 Loss 0.011 Prec@(1,5) (6.8%, 21.0%)
07/23 11:07:59 AM | Train: [ 5/50] Step 390/390 Loss 0.011 Prec@(1,5) (6.8%, 21.0%)
07/23 11:07:59 AM | Train: [ 5/50] Final Prec@1 6.7880%
07/23 11:08:00 AM | Valid: [ 5/50] Step 000/390 Loss 4.237 Prec@(1,5) (6.2%, 21.9%)
07/23 11:08:13 AM | Valid: [ 5/50] Step 050/390 Loss 4.232 Prec@(1,5) (6.6%, 22.1%)
07/23 11:08:27 AM | Valid: [ 5/50] Step 100/390 Loss 4.229 Prec@(1,5) (6.7%, 21.9%)
07/23 11:08:41 AM | Valid: [ 5/50] Step 150/390 Loss 4.228 Prec@(1,5) (6.9%, 22.1%)
07/23 11:08:53 AM | Valid: [ 5/50] Step 200/390 Loss 4.224 Prec@(1,5) (7.0%, 22.0%)
07/23 11:09:03 AM | Valid: [ 5/50] Step 250/390 Loss 4.222 Prec@(1,5) (7.1%, 22.0%)
07/23 11:09:15 AM | Valid: [ 5/50] Step 300/390 Loss 4.224 Prec@(1,5) (7.1%, 22.0%)
07/23 11:09:26 AM | Valid: [ 5/50] Step 350/390 Loss 4.225 Prec@(1,5) (7.1%, 21.9%)
07/23 11:09:36 AM | Valid: [ 5/50] Step 390/390 Loss 4.225 Prec@(1,5) (7.1%, 22.0%)
07/23 11:09:36 AM | Valid: [ 5/50] Final Prec@1 7.0800%
07/23 11:09:36 AM | genotype = Genotype(normal=[[('avg_pool_3x3', 1), ('avg_pool_3x3', 0)], [('skip_connect', 2), ('skip_connect', 1)], [('avg_pool_3x3', 3), ('avg_pool_3x3', 1)], [('skip_connect', 3), ('avg_pool_3x3', 0)]], normal_concat=range(2, 6), reduce=[[('avg_pool_3x3', 0), ('dil_conv_5x5', 1)], [('max_pool_3x3', 0), ('dil_conv_3x3', 1)], [('max_pool_3x3', 0), ('sep_conv_5x5', 1)], [('max_pool_3x3', 0), ('avg_pool_3x3', 2)]], reduce_concat=range(2, 6))
####### ALPHA #######
# Alpha - normal
tensor([[0.1264, 0.1304, 0.1288, 0.1205, 0.1230, 0.1266, 0.1228, 0.1215],
        [0.1295, 0.1350, 0.1341, 0.1144, 0.1229, 0.1266, 0.1205, 0.1170]],
       device='cuda:0', grad_fn=<SoftmaxBackward>)
tensor([[0.1245, 0.1322, 0.1274, 0.1234, 0.1303, 0.1220, 0.1250, 0.1153],
        [0.1220, 0.1314, 0.1326, 0.1286, 0.1209, 0.1214, 0.1229, 0.1202],
        [0.1269, 0.1322, 0.1330, 0.1227, 0.1198, 0.1199, 0.1234, 0.1222]],
       device='cuda:0', grad_fn=<SoftmaxBackward>)
tensor([[0.1300, 0.1301, 0.1296, 0.1151, 0.1227, 0.1232, 0.1269, 0.1224],
        [0.1289, 0.1316, 0.1315, 0.1151, 0.1225, 0.1274, 0.1233, 0.1197],
        [0.1289, 0.1302, 0.1283, 0.1302, 0.1208, 0.1198, 0.1206, 0.1211],
        [0.1320, 0.1339, 0.1327, 0.1207, 0.1242, 0.1226, 0.1191, 0.1148]],
       device='cuda:0', grad_fn=<SoftmaxBackward>)
tensor([[0.1336, 0.1383, 0.1366, 0.1198, 0.1166, 0.1149, 0.1217, 0.1185],
        [0.1309, 0.1349, 0.1353, 0.1187, 0.1229, 0.1207, 0.1156, 0.1210],
        [0.1292, 0.1308, 0.1308, 0.1260, 0.1248, 0.1186, 0.1255, 0.1144],
        [0.1337, 0.1363, 0.1385, 0.1245, 0.1173, 0.1183, 0.1156, 0.1158],
        [0.1317, 0.1338, 0.1362, 0.1121, 0.1218, 0.1237, 0.1247, 0.1159]],
       device='cuda:0', grad_fn=<SoftmaxBackward>)

# Alpha - reduce
tensor([[0.1351, 0.1352, 0.1183, 0.1275, 0.1307, 0.1135, 0.1266, 0.1131],
        [0.1189, 0.1187, 0.1199, 0.1247, 0.1278, 0.1301, 0.1304, 0.1294]],
       device='cuda:0', grad_fn=<SoftmaxBackward>)
tensor([[0.1374, 0.1354, 0.1160, 0.1167, 0.1224, 0.1243, 0.1245, 0.1233],
        [0.1160, 0.1160, 0.1303, 0.1259, 0.1216, 0.1340, 0.1203, 0.1358],
        [0.1225, 0.1214, 0.1236, 0.1246, 0.1237, 0.1295, 0.1281, 0.1267]],
       device='cuda:0', grad_fn=<SoftmaxBackward>)
tensor([[0.1318, 0.1298, 0.1176, 0.1233, 0.1271, 0.1201, 0.1172, 0.1330],
        [0.1191, 0.1191, 0.1264, 0.1300, 0.1312, 0.1219, 0.1247, 0.1277],
        [0.1175, 0.1186, 0.1192, 0.1315, 0.1248, 0.1313, 0.1322, 0.1249],
        [0.1233, 0.1228, 0.1251, 0.1229, 0.1263, 0.1184, 0.1303, 0.1309]],
       device='cuda:0', grad_fn=<SoftmaxBackward>)
tensor([[0.1448, 0.1425, 0.1174, 0.1194, 0.1162, 0.1161, 0.1244, 0.1192],
        [0.1218, 0.1198, 0.1295, 0.1245, 0.1205, 0.1276, 0.1261, 0.1301],
        [0.1351, 0.1394, 0.1324, 0.1150, 0.1258, 0.1149, 0.1200, 0.1174],
        [0.1319, 0.1328, 0.1306, 0.1230, 0.1183, 0.1248, 0.1196, 0.1190],
        [0.1322, 0.1324, 0.1289, 0.1178, 0.1262, 0.1237, 0.1198, 0.1190]],
       device='cuda:0', grad_fn=<SoftmaxBackward>)
#####################
07/23 11:09:37 AM | size of train loader is 391
07/23 11:09:42 AM | Train: [ 6/50] Step 000/390 Loss 0.010 Prec@(1,5) (4.7%, 26.6%)
07/23 11:13:20 AM | Train: [ 6/50] Step 050/390 Loss 0.011 Prec@(1,5) (7.4%, 22.7%)
07/23 11:16:52 AM | Train: [ 6/50] Step 100/390 Loss 0.011 Prec@(1,5) (7.3%, 22.5%)
07/23 11:20:25 AM | Train: [ 6/50] Step 150/390 Loss 0.011 Prec@(1,5) (7.5%, 22.6%)
07/23 11:23:57 AM | Train: [ 6/50] Step 200/390 Loss 0.011 Prec@(1,5) (7.6%, 22.8%)
07/23 11:27:34 AM | Train: [ 6/50] Step 250/390 Loss 0.011 Prec@(1,5) (7.8%, 23.0%)
07/23 11:31:07 AM | Train: [ 6/50] Step 300/390 Loss 0.011 Prec@(1,5) (7.6%, 22.9%)
07/23 11:34:50 AM | Train: [ 6/50] Step 350/390 Loss 0.011 Prec@(1,5) (7.5%, 23.0%)
07/23 11:37:47 AM | Train: [ 6/50] Step 390/390 Loss 0.011 Prec@(1,5) (7.6%, 23.1%)
07/23 11:37:47 AM | Train: [ 6/50] Final Prec@1 7.5640%
07/23 11:37:48 AM | Valid: [ 6/50] Step 000/390 Loss 4.296 Prec@(1,5) (9.4%, 20.3%)
07/23 11:37:59 AM | Valid: [ 6/50] Step 050/390 Loss 4.155 Prec@(1,5) (8.1%, 24.4%)
07/23 11:38:10 AM | Valid: [ 6/50] Step 100/390 Loss 4.150 Prec@(1,5) (8.1%, 25.0%)
07/23 11:38:20 AM | Valid: [ 6/50] Step 150/390 Loss 4.156 Prec@(1,5) (8.1%, 24.3%)
07/23 11:38:31 AM | Valid: [ 6/50] Step 200/390 Loss 4.159 Prec@(1,5) (8.0%, 24.2%)
07/23 11:38:42 AM | Valid: [ 6/50] Step 250/390 Loss 4.161 Prec@(1,5) (8.1%, 24.4%)
07/23 11:38:53 AM | Valid: [ 6/50] Step 300/390 Loss 4.160 Prec@(1,5) (8.1%, 24.5%)
07/23 11:39:05 AM | Valid: [ 6/50] Step 350/390 Loss 4.159 Prec@(1,5) (8.1%, 24.5%)
07/23 11:39:13 AM | Valid: [ 6/50] Step 390/390 Loss 4.161 Prec@(1,5) (8.0%, 24.5%)
07/23 11:39:13 AM | Valid: [ 6/50] Final Prec@1 8.0440%
07/23 11:39:13 AM | genotype = Genotype(normal=[[('avg_pool_3x3', 1), ('avg_pool_3x3', 0)], [('skip_connect', 1), ('avg_pool_3x3', 2)], [('avg_pool_3x3', 3), ('avg_pool_3x3', 1)], [('avg_pool_3x3', 0), ('skip_connect', 3)]], normal_concat=range(2, 6), reduce=[[('max_pool_3x3', 0), ('dil_conv_5x5', 1)], [('max_pool_3x3', 0), ('dil_conv_3x3', 1)], [('max_pool_3x3', 0), ('sep_conv_5x5', 1)], [('max_pool_3x3', 0), ('avg_pool_3x3', 2)]], reduce_concat=range(2, 6))
####### ALPHA #######
# Alpha - normal
tensor([[0.1297, 0.1340, 0.1316, 0.1199, 0.1211, 0.1235, 0.1212, 0.1192],
        [0.1325, 0.1387, 0.1372, 0.1112, 0.1220, 0.1256, 0.1179, 0.1148]],
       device='cuda:0', grad_fn=<SoftmaxBackward>)
tensor([[0.1264, 0.1356, 0.1294, 0.1224, 0.1302, 0.1198, 0.1244, 0.1119],
        [0.1231, 0.1343, 0.1358, 0.1267, 0.1211, 0.1198, 0.1215, 0.1177],
        [0.1285, 0.1348, 0.1348, 0.1215, 0.1181, 0.1195, 0.1230, 0.1197]],
       device='cuda:0', grad_fn=<SoftmaxBackward>)
tensor([[0.1323, 0.1330, 0.1321, 0.1133, 0.1218, 0.1218, 0.1262, 0.1195],
        [0.1320, 0.1355, 0.1347, 0.1118, 0.1215, 0.1260, 0.1225, 0.1160],
        [0.1321, 0.1346, 0.1312, 0.1295, 0.1196, 0.1175, 0.1177, 0.1179],
        [0.1371, 0.1394, 0.1376, 0.1182, 0.1228, 0.1192, 0.1161, 0.1095]],
       device='cuda:0', grad_fn=<SoftmaxBackward>)
tensor([[0.1376, 0.1433, 0.1415, 0.1169, 0.1130, 0.1118, 0.1210, 0.1149],
        [0.1335, 0.1380, 0.1386, 0.1186, 0.1209, 0.1198, 0.1128, 0.1177],
        [0.1323, 0.1343, 0.1322, 0.1253, 0.1224, 0.1189, 0.1253, 0.1093],
        [0.1381, 0.1410, 0.1424, 0.1239, 0.1159, 0.1153, 0.1121, 0.1113],
        [0.1357, 0.1383, 0.1418, 0.1098, 0.1193, 0.1215, 0.1222, 0.1114]],
       device='cuda:0', grad_fn=<SoftmaxBackward>)

# Alpha - reduce
tensor([[0.1380, 0.1373, 0.1179, 0.1266, 0.1314, 0.1114, 0.1261, 0.1113],
        [0.1192, 0.1188, 0.1171, 0.1241, 0.1277, 0.1293, 0.1331, 0.1308]],
       device='cuda:0', grad_fn=<SoftmaxBackward>)
tensor([[0.1398, 0.1368, 0.1157, 0.1152, 0.1216, 0.1236, 0.1243, 0.1231],
        [0.1163, 0.1159, 0.1314, 0.1251, 0.1201, 0.1340, 0.1193, 0.1379],
        [0.1227, 0.1215, 0.1233, 0.1237, 0.1248, 0.1287, 0.1291, 0.1262]],
       device='cuda:0', grad_fn=<SoftmaxBackward>)
tensor([[0.1350, 0.1317, 0.1157, 0.1225, 0.1259, 0.1193, 0.1165, 0.1334],
        [0.1180, 0.1181, 0.1278, 0.1322, 0.1327, 0.1202, 0.1246, 0.1263],
        [0.1175, 0.1179, 0.1178, 0.1324, 0.1249, 0.1329, 0.1334, 0.1233],
        [0.1249, 0.1235, 0.1264, 0.1208, 0.1264, 0.1164, 0.1295, 0.1321]],
       device='cuda:0', grad_fn=<SoftmaxBackward>)
tensor([[0.1476, 0.1443, 0.1178, 0.1191, 0.1143, 0.1138, 0.1243, 0.1187],
        [0.1217, 0.1197, 0.1292, 0.1224, 0.1190, 0.1295, 0.1278, 0.1307],
        [0.1362, 0.1418, 0.1339, 0.1127, 0.1248, 0.1144, 0.1195, 0.1167],
        [0.1316, 0.1322, 0.1305, 0.1231, 0.1176, 0.1249, 0.1202, 0.1198],
        [0.1322, 0.1315, 0.1279, 0.1180, 0.1283, 0.1233, 0.1194, 0.1195]],
       device='cuda:0', grad_fn=<SoftmaxBackward>)
#####################
07/23 11:39:14 AM | size of train loader is 391
07/23 11:39:19 AM | Train: [ 7/50] Step 000/390 Loss 0.011 Prec@(1,5) (1.6%, 17.2%)
07/23 11:42:57 AM | Train: [ 7/50] Step 050/390 Loss 0.011 Prec@(1,5) (8.6%, 25.0%)
07/23 11:46:27 AM | Train: [ 7/50] Step 100/390 Loss 0.011 Prec@(1,5) (8.6%, 25.3%)
07/23 11:49:55 AM | Train: [ 7/50] Step 150/390 Loss 0.011 Prec@(1,5) (8.4%, 25.2%)
07/23 11:53:27 AM | Train: [ 7/50] Step 200/390 Loss 0.011 Prec@(1,5) (8.5%, 25.2%)
07/23 11:56:51 AM | Train: [ 7/50] Step 250/390 Loss 0.011 Prec@(1,5) (8.4%, 25.3%)
07/23 12:00:20 PM | Train: [ 7/50] Step 300/390 Loss 0.011 Prec@(1,5) (8.4%, 25.3%)
07/23 12:04:04 PM | Train: [ 7/50] Step 350/390 Loss 0.011 Prec@(1,5) (8.4%, 25.5%)
07/23 12:07:01 PM | Train: [ 7/50] Step 390/390 Loss 0.011 Prec@(1,5) (8.4%, 25.6%)
07/23 12:07:01 PM | Train: [ 7/50] Final Prec@1 8.4240%
07/23 12:07:01 PM | Valid: [ 7/50] Step 000/390 Loss 4.041 Prec@(1,5) (9.4%, 29.7%)
07/23 12:07:12 PM | Valid: [ 7/50] Step 050/390 Loss 4.070 Prec@(1,5) (9.7%, 27.2%)
07/23 12:07:24 PM | Valid: [ 7/50] Step 100/390 Loss 4.082 Prec@(1,5) (8.9%, 26.8%)
07/23 12:07:35 PM | Valid: [ 7/50] Step 150/390 Loss 4.092 Prec@(1,5) (8.7%, 26.4%)
07/23 12:07:46 PM | Valid: [ 7/50] Step 200/390 Loss 4.092 Prec@(1,5) (8.6%, 26.4%)
07/23 12:07:57 PM | Valid: [ 7/50] Step 250/390 Loss 4.093 Prec@(1,5) (8.6%, 26.5%)
07/23 12:08:07 PM | Valid: [ 7/50] Step 300/390 Loss 4.097 Prec@(1,5) (8.5%, 26.3%)
07/23 12:08:18 PM | Valid: [ 7/50] Step 350/390 Loss 4.099 Prec@(1,5) (8.6%, 26.3%)
07/23 12:08:28 PM | Valid: [ 7/50] Step 390/390 Loss 4.101 Prec@(1,5) (8.5%, 26.1%)
07/23 12:08:28 PM | Valid: [ 7/50] Final Prec@1 8.5480%
07/23 12:08:28 PM | genotype = Genotype(normal=[[('avg_pool_3x3', 1), ('avg_pool_3x3', 0)], [('avg_pool_3x3', 0), ('avg_pool_3x3', 2)], [('avg_pool_3x3', 3), ('avg_pool_3x3', 2)], [('skip_connect', 4), ('avg_pool_3x3', 0)]], normal_concat=range(2, 6), reduce=[[('max_pool_3x3', 0), ('dil_conv_5x5', 1)], [('max_pool_3x3', 0), ('dil_conv_3x3', 1)], [('max_pool_3x3', 0), ('sep_conv_5x5', 1)], [('max_pool_3x3', 0), ('avg_pool_3x3', 2)]], reduce_concat=range(2, 6))
####### ALPHA #######
# Alpha - normal
tensor([[0.1342, 0.1370, 0.1338, 0.1176, 0.1190, 0.1217, 0.1205, 0.1161],
        [0.1349, 0.1401, 0.1384, 0.1098, 0.1211, 0.1247, 0.1166, 0.1144]],
       device='cuda:0', grad_fn=<SoftmaxBackward>)
tensor([[0.1307, 0.1401, 0.1328, 0.1203, 0.1300, 0.1172, 0.1217, 0.1072],
        [0.1238, 0.1355, 0.1373, 0.1267, 0.1218, 0.1175, 0.1207, 0.1167],
        [0.1312, 0.1375, 0.1359, 0.1213, 0.1163, 0.1189, 0.1232, 0.1157]],
       device='cuda:0', grad_fn=<SoftmaxBackward>)
tensor([[0.1373, 0.1369, 0.1357, 0.1116, 0.1191, 0.1193, 0.1245, 0.1156],
        [0.1344, 0.1374, 0.1360, 0.1106, 0.1216, 0.1243, 0.1216, 0.1141],
        [0.1358, 0.1380, 0.1330, 0.1298, 0.1193, 0.1154, 0.1152, 0.1134],
        [0.1431, 0.1451, 0.1431, 0.1160, 0.1201, 0.1154, 0.1128, 0.1044]],
       device='cuda:0', grad_fn=<SoftmaxBackward>)
tensor([[0.1424, 0.1487, 0.1459, 0.1140, 0.1097, 0.1082, 0.1207, 0.1104],
        [0.1368, 0.1409, 0.1413, 0.1195, 0.1188, 0.1179, 0.1104, 0.1145],
        [0.1362, 0.1382, 0.1342, 0.1232, 0.1212, 0.1182, 0.1244, 0.1044],
        [0.1435, 0.1468, 0.1474, 0.1223, 0.1120, 0.1135, 0.1085, 0.1061],
        [0.1413, 0.1437, 0.1490, 0.1054, 0.1160, 0.1191, 0.1194, 0.1061]],
       device='cuda:0', grad_fn=<SoftmaxBackward>)

# Alpha - reduce
tensor([[0.1405, 0.1379, 0.1180, 0.1278, 0.1312, 0.1093, 0.1253, 0.1101],
        [0.1188, 0.1179, 0.1154, 0.1245, 0.1282, 0.1296, 0.1342, 0.1314]],
       device='cuda:0', grad_fn=<SoftmaxBackward>)
tensor([[0.1429, 0.1378, 0.1160, 0.1152, 0.1212, 0.1214, 0.1241, 0.1214],
        [0.1156, 0.1147, 0.1305, 0.1245, 0.1209, 0.1352, 0.1194, 0.1393],
        [0.1243, 0.1229, 0.1248, 0.1215, 0.1227, 0.1287, 0.1285, 0.1266]],
       device='cuda:0', grad_fn=<SoftmaxBackward>)
tensor([[0.1380, 0.1326, 0.1147, 0.1225, 0.1247, 0.1189, 0.1152, 0.1335],
        [0.1165, 0.1166, 0.1285, 0.1331, 0.1354, 0.1191, 0.1249, 0.1260],
        [0.1163, 0.1164, 0.1156, 0.1336, 0.1253, 0.1343, 0.1359, 0.1226],
        [0.1265, 0.1242, 0.1276, 0.1201, 0.1249, 0.1143, 0.1282, 0.1341]],
       device='cuda:0', grad_fn=<SoftmaxBackward>)
tensor([[0.1507, 0.1456, 0.1178, 0.1193, 0.1136, 0.1122, 0.1225, 0.1184],
        [0.1208, 0.1183, 0.1299, 0.1205, 0.1203, 0.1302, 0.1292, 0.1308],
        [0.1378, 0.1434, 0.1351, 0.1100, 0.1249, 0.1135, 0.1191, 0.1162],
        [0.1326, 0.1330, 0.1315, 0.1226, 0.1166, 0.1242, 0.1198, 0.1196],
        [0.1327, 0.1314, 0.1275, 0.1179, 0.1288, 0.1224, 0.1195, 0.1198]],
       device='cuda:0', grad_fn=<SoftmaxBackward>)
#####################
