07/25 10:16:45 PM | 
07/25 10:16:45 PM | Parameters:
07/25 10:16:45 PM | ALPHA_LR=0.0003
07/25 10:16:45 PM | ALPHA_WEIGHT_DECAY=0.001
07/25 10:16:45 PM | BATCH_SIZE=64
07/25 10:16:45 PM | DATA_PATH=./data/
07/25 10:16:45 PM | DATASET=cifar100
07/25 10:16:45 PM | EPOCHS=50
07/25 10:16:45 PM | GPUS=[0]
07/25 10:16:45 PM | INIT_CHANNELS=16
07/25 10:16:45 PM | LAYERS=8
07/25 10:16:45 PM | NAME=cifar100-2e2
07/25 10:16:45 PM | PATH=searchs/cifar100-2e2
07/25 10:16:45 PM | PLOT_PATH=searchs/cifar100-2e2/plots
07/25 10:16:45 PM | PRINT_FREQ=50
07/25 10:16:45 PM | SEED=2
07/25 10:16:45 PM | W_GRAD_CLIP=5.0
07/25 10:16:45 PM | W_LR=0.025
07/25 10:16:45 PM | W_LR_MIN=0.001
07/25 10:16:45 PM | W_MOMENTUM=0.9
07/25 10:16:45 PM | W_WEIGHT_DECAY=0.0003
07/25 10:16:45 PM | WORKERS=4
07/25 10:16:45 PM | 
07/25 10:16:45 PM | Logger is set - training start
####### ALPHA #######
# Alpha - normal
tensor([[0.1249, 0.1252, 0.1249, 0.1249, 0.1249, 0.1252, 0.1249, 0.1250],
        [0.1249, 0.1251, 0.1250, 0.1250, 0.1252, 0.1249, 0.1250, 0.1250]],
       device='cuda:0', grad_fn=<SoftmaxBackward>)
tensor([[0.1249, 0.1253, 0.1250, 0.1250, 0.1249, 0.1250, 0.1250, 0.1249],
        [0.1251, 0.1247, 0.1249, 0.1253, 0.1248, 0.1249, 0.1251, 0.1253],
        [0.1250, 0.1250, 0.1249, 0.1251, 0.1252, 0.1250, 0.1251, 0.1249]],
       device='cuda:0', grad_fn=<SoftmaxBackward>)
tensor([[0.1250, 0.1249, 0.1250, 0.1250, 0.1250, 0.1251, 0.1249, 0.1251],
        [0.1250, 0.1249, 0.1251, 0.1249, 0.1249, 0.1253, 0.1252, 0.1248],
        [0.1250, 0.1250, 0.1251, 0.1248, 0.1251, 0.1250, 0.1251, 0.1250],
        [0.1250, 0.1251, 0.1250, 0.1251, 0.1251, 0.1251, 0.1249, 0.1248]],
       device='cuda:0', grad_fn=<SoftmaxBackward>)
tensor([[0.1250, 0.1250, 0.1249, 0.1249, 0.1251, 0.1250, 0.1249, 0.1252],
        [0.1250, 0.1252, 0.1252, 0.1248, 0.1250, 0.1249, 0.1248, 0.1251],
        [0.1251, 0.1251, 0.1250, 0.1251, 0.1248, 0.1250, 0.1249, 0.1249],
        [0.1249, 0.1250, 0.1250, 0.1253, 0.1251, 0.1251, 0.1247, 0.1249],
        [0.1251, 0.1251, 0.1252, 0.1249, 0.1249, 0.1251, 0.1250, 0.1249]],
       device='cuda:0', grad_fn=<SoftmaxBackward>)

# Alpha - reduce
tensor([[0.1248, 0.1249, 0.1249, 0.1251, 0.1250, 0.1250, 0.1251, 0.1251],
        [0.1250, 0.1248, 0.1249, 0.1252, 0.1249, 0.1250, 0.1249, 0.1251]],
       device='cuda:0', grad_fn=<SoftmaxBackward>)
tensor([[0.1251, 0.1249, 0.1252, 0.1249, 0.1250, 0.1250, 0.1249, 0.1250],
        [0.1250, 0.1249, 0.1250, 0.1251, 0.1251, 0.1249, 0.1250, 0.1251],
        [0.1250, 0.1250, 0.1250, 0.1249, 0.1250, 0.1250, 0.1250, 0.1252]],
       device='cuda:0', grad_fn=<SoftmaxBackward>)
tensor([[0.1251, 0.1247, 0.1249, 0.1252, 0.1252, 0.1249, 0.1251, 0.1249],
        [0.1250, 0.1250, 0.1250, 0.1251, 0.1253, 0.1249, 0.1249, 0.1248],
        [0.1250, 0.1252, 0.1250, 0.1250, 0.1251, 0.1248, 0.1251, 0.1249],
        [0.1250, 0.1251, 0.1251, 0.1249, 0.1248, 0.1251, 0.1250, 0.1250]],
       device='cuda:0', grad_fn=<SoftmaxBackward>)
tensor([[0.1250, 0.1249, 0.1251, 0.1251, 0.1251, 0.1249, 0.1250, 0.1250],
        [0.1252, 0.1249, 0.1251, 0.1251, 0.1250, 0.1249, 0.1249, 0.1249],
        [0.1249, 0.1250, 0.1251, 0.1250, 0.1249, 0.1250, 0.1250, 0.1252],
        [0.1250, 0.1249, 0.1250, 0.1251, 0.1250, 0.1251, 0.1250, 0.1249],
        [0.1249, 0.1251, 0.1250, 0.1251, 0.1248, 0.1251, 0.1249, 0.1251]],
       device='cuda:0', grad_fn=<SoftmaxBackward>)
#####################
07/26 02:08:57 AM | 
07/26 02:08:57 AM | Parameters:
07/26 02:08:57 AM | ALPHA_LR=0.0003
07/26 02:08:57 AM | ALPHA_WEIGHT_DECAY=0.001
07/26 02:08:57 AM | BATCH_SIZE=64
07/26 02:08:57 AM | DATA_PATH=./data/
07/26 02:08:57 AM | DATASET=cifar100
07/26 02:08:57 AM | EPOCHS=50
07/26 02:08:57 AM | GPUS=[0]
07/26 02:08:57 AM | INIT_CHANNELS=16
07/26 02:08:57 AM | LAYERS=8
07/26 02:08:57 AM | NAME=cifar100-2e2
07/26 02:08:57 AM | PATH=searchs/cifar100-2e2
07/26 02:08:57 AM | PLOT_PATH=searchs/cifar100-2e2/plots
07/26 02:08:57 AM | PRINT_FREQ=50
07/26 02:08:57 AM | SEED=2
07/26 02:08:57 AM | W_GRAD_CLIP=5.0
07/26 02:08:57 AM | W_LR=0.025
07/26 02:08:57 AM | W_LR_MIN=0.001
07/26 02:08:57 AM | W_MOMENTUM=0.9
07/26 02:08:57 AM | W_WEIGHT_DECAY=0.0003
07/26 02:08:57 AM | WORKERS=4
07/26 02:08:57 AM | 
07/26 02:08:57 AM | Logger is set - training start
####### ALPHA #######
# Alpha - normal
tensor([[0.1249, 0.1252, 0.1249, 0.1249, 0.1249, 0.1252, 0.1249, 0.1250],
        [0.1249, 0.1251, 0.1250, 0.1250, 0.1252, 0.1249, 0.1250, 0.1250]],
       device='cuda:0', grad_fn=<SoftmaxBackward>)
tensor([[0.1249, 0.1253, 0.1250, 0.1250, 0.1249, 0.1250, 0.1250, 0.1249],
        [0.1251, 0.1247, 0.1249, 0.1253, 0.1248, 0.1249, 0.1251, 0.1253],
        [0.1250, 0.1250, 0.1249, 0.1251, 0.1252, 0.1250, 0.1251, 0.1249]],
       device='cuda:0', grad_fn=<SoftmaxBackward>)
tensor([[0.1250, 0.1249, 0.1250, 0.1250, 0.1250, 0.1251, 0.1249, 0.1251],
        [0.1250, 0.1249, 0.1251, 0.1249, 0.1249, 0.1253, 0.1252, 0.1248],
        [0.1250, 0.1250, 0.1251, 0.1248, 0.1251, 0.1250, 0.1251, 0.1250],
        [0.1250, 0.1251, 0.1250, 0.1251, 0.1251, 0.1251, 0.1249, 0.1248]],
       device='cuda:0', grad_fn=<SoftmaxBackward>)
tensor([[0.1250, 0.1250, 0.1249, 0.1249, 0.1251, 0.1250, 0.1249, 0.1252],
        [0.1250, 0.1252, 0.1252, 0.1248, 0.1250, 0.1249, 0.1248, 0.1251],
        [0.1251, 0.1251, 0.1250, 0.1251, 0.1248, 0.1250, 0.1249, 0.1249],
        [0.1249, 0.1250, 0.1250, 0.1253, 0.1251, 0.1251, 0.1247, 0.1249],
        [0.1251, 0.1251, 0.1252, 0.1249, 0.1249, 0.1251, 0.1250, 0.1249]],
       device='cuda:0', grad_fn=<SoftmaxBackward>)

# Alpha - reduce
tensor([[0.1248, 0.1249, 0.1249, 0.1251, 0.1250, 0.1250, 0.1251, 0.1251],
        [0.1250, 0.1248, 0.1249, 0.1252, 0.1249, 0.1250, 0.1249, 0.1251]],
       device='cuda:0', grad_fn=<SoftmaxBackward>)
tensor([[0.1251, 0.1249, 0.1252, 0.1249, 0.1250, 0.1250, 0.1249, 0.1250],
        [0.1250, 0.1249, 0.1250, 0.1251, 0.1251, 0.1249, 0.1250, 0.1251],
        [0.1250, 0.1250, 0.1250, 0.1249, 0.1250, 0.1250, 0.1250, 0.1252]],
       device='cuda:0', grad_fn=<SoftmaxBackward>)
tensor([[0.1251, 0.1247, 0.1249, 0.1252, 0.1252, 0.1249, 0.1251, 0.1249],
        [0.1250, 0.1250, 0.1250, 0.1251, 0.1253, 0.1249, 0.1249, 0.1248],
        [0.1250, 0.1252, 0.1250, 0.1250, 0.1251, 0.1248, 0.1251, 0.1249],
        [0.1250, 0.1251, 0.1251, 0.1249, 0.1248, 0.1251, 0.1250, 0.1250]],
       device='cuda:0', grad_fn=<SoftmaxBackward>)
tensor([[0.1250, 0.1249, 0.1251, 0.1251, 0.1251, 0.1249, 0.1250, 0.1250],
        [0.1252, 0.1249, 0.1251, 0.1251, 0.1250, 0.1249, 0.1249, 0.1249],
        [0.1249, 0.1250, 0.1251, 0.1250, 0.1249, 0.1250, 0.1250, 0.1252],
        [0.1250, 0.1249, 0.1250, 0.1251, 0.1250, 0.1251, 0.1250, 0.1249],
        [0.1249, 0.1251, 0.1250, 0.1251, 0.1248, 0.1251, 0.1249, 0.1251]],
       device='cuda:0', grad_fn=<SoftmaxBackward>)
#####################
07/26 02:09:25 AM | Train: [ 1/50] Step 000/390 Loss 4.706 Prec@(1,5) (3.1%, 10.9%)
07/26 02:12:23 AM | 
07/26 02:12:23 AM | Parameters:
07/26 02:12:23 AM | ALPHA_LR=0.0003
07/26 02:12:23 AM | ALPHA_WEIGHT_DECAY=0.001
07/26 02:12:23 AM | BATCH_SIZE=64
07/26 02:12:23 AM | DATA_PATH=./data/
07/26 02:12:23 AM | DATASET=cifar100
07/26 02:12:23 AM | EPOCHS=50
07/26 02:12:23 AM | GPUS=[0]
07/26 02:12:23 AM | INIT_CHANNELS=16
07/26 02:12:23 AM | LAYERS=8
07/26 02:12:23 AM | NAME=cifar100-2e2
07/26 02:12:23 AM | PATH=searchs/cifar100-2e2
07/26 02:12:23 AM | PLOT_PATH=searchs/cifar100-2e2/plots
07/26 02:12:23 AM | PRINT_FREQ=50
07/26 02:12:23 AM | SEED=2
07/26 02:12:23 AM | W_GRAD_CLIP=5.0
07/26 02:12:23 AM | W_LR=0.025
07/26 02:12:23 AM | W_LR_MIN=0.001
07/26 02:12:23 AM | W_MOMENTUM=0.9
07/26 02:12:23 AM | W_WEIGHT_DECAY=0.0003
07/26 02:12:23 AM | WORKERS=4
07/26 02:12:23 AM | 
07/26 02:12:23 AM | Logger is set - training start
07/26 02:12:49 AM | 
07/26 02:12:49 AM | Parameters:
07/26 02:12:49 AM | ALPHA_LR=0.0003
07/26 02:12:49 AM | ALPHA_WEIGHT_DECAY=0.001
07/26 02:12:49 AM | BATCH_SIZE=64
07/26 02:12:49 AM | DATA_PATH=./data/
07/26 02:12:49 AM | DATASET=cifar100
07/26 02:12:49 AM | EPOCHS=50
07/26 02:12:49 AM | GPUS=[0]
07/26 02:12:49 AM | INIT_CHANNELS=16
07/26 02:12:49 AM | LAYERS=8
07/26 02:12:49 AM | NAME=cifar100-2e2
07/26 02:12:49 AM | PATH=searchs/cifar100-2e2
07/26 02:12:49 AM | PLOT_PATH=searchs/cifar100-2e2/plots
07/26 02:12:49 AM | PRINT_FREQ=50
07/26 02:12:49 AM | SEED=2
07/26 02:12:49 AM | W_GRAD_CLIP=5.0
07/26 02:12:49 AM | W_LR=0.025
07/26 02:12:49 AM | W_LR_MIN=0.001
07/26 02:12:49 AM | W_MOMENTUM=0.9
07/26 02:12:49 AM | W_WEIGHT_DECAY=0.0003
07/26 02:12:49 AM | WORKERS=4
07/26 02:12:49 AM | 
07/26 02:12:49 AM | Logger is set - training start
####### ALPHA #######
# Alpha - normal
tensor([[0.1249, 0.1252, 0.1249, 0.1249, 0.1249, 0.1252, 0.1249, 0.1250],
        [0.1249, 0.1251, 0.1250, 0.1250, 0.1252, 0.1249, 0.1250, 0.1250]],
       device='cuda:0', grad_fn=<SoftmaxBackward>)
tensor([[0.1249, 0.1253, 0.1250, 0.1250, 0.1249, 0.1250, 0.1250, 0.1249],
        [0.1251, 0.1247, 0.1249, 0.1253, 0.1248, 0.1249, 0.1251, 0.1253],
        [0.1250, 0.1250, 0.1249, 0.1251, 0.1252, 0.1250, 0.1251, 0.1249]],
       device='cuda:0', grad_fn=<SoftmaxBackward>)
tensor([[0.1250, 0.1249, 0.1250, 0.1250, 0.1250, 0.1251, 0.1249, 0.1251],
        [0.1250, 0.1249, 0.1251, 0.1249, 0.1249, 0.1253, 0.1252, 0.1248],
        [0.1250, 0.1250, 0.1251, 0.1248, 0.1251, 0.1250, 0.1251, 0.1250],
        [0.1250, 0.1251, 0.1250, 0.1251, 0.1251, 0.1251, 0.1249, 0.1248]],
       device='cuda:0', grad_fn=<SoftmaxBackward>)
tensor([[0.1250, 0.1250, 0.1249, 0.1249, 0.1251, 0.1250, 0.1249, 0.1252],
        [0.1250, 0.1252, 0.1252, 0.1248, 0.1250, 0.1249, 0.1248, 0.1251],
        [0.1251, 0.1251, 0.1250, 0.1251, 0.1248, 0.1250, 0.1249, 0.1249],
        [0.1249, 0.1250, 0.1250, 0.1253, 0.1251, 0.1251, 0.1247, 0.1249],
        [0.1251, 0.1251, 0.1252, 0.1249, 0.1249, 0.1251, 0.1250, 0.1249]],
       device='cuda:0', grad_fn=<SoftmaxBackward>)

# Alpha - reduce
tensor([[0.1248, 0.1249, 0.1249, 0.1251, 0.1250, 0.1250, 0.1251, 0.1251],
        [0.1250, 0.1248, 0.1249, 0.1252, 0.1249, 0.1250, 0.1249, 0.1251]],
       device='cuda:0', grad_fn=<SoftmaxBackward>)
tensor([[0.1251, 0.1249, 0.1252, 0.1249, 0.1250, 0.1250, 0.1249, 0.1250],
        [0.1250, 0.1249, 0.1250, 0.1251, 0.1251, 0.1249, 0.1250, 0.1251],
        [0.1250, 0.1250, 0.1250, 0.1249, 0.1250, 0.1250, 0.1250, 0.1252]],
       device='cuda:0', grad_fn=<SoftmaxBackward>)
tensor([[0.1251, 0.1247, 0.1249, 0.1252, 0.1252, 0.1249, 0.1251, 0.1249],
        [0.1250, 0.1250, 0.1250, 0.1251, 0.1253, 0.1249, 0.1249, 0.1248],
        [0.1250, 0.1252, 0.1250, 0.1250, 0.1251, 0.1248, 0.1251, 0.1249],
        [0.1250, 0.1251, 0.1251, 0.1249, 0.1248, 0.1251, 0.1250, 0.1250]],
       device='cuda:0', grad_fn=<SoftmaxBackward>)
tensor([[0.1250, 0.1249, 0.1251, 0.1251, 0.1251, 0.1249, 0.1250, 0.1250],
        [0.1252, 0.1249, 0.1251, 0.1251, 0.1250, 0.1249, 0.1249, 0.1249],
        [0.1249, 0.1250, 0.1251, 0.1250, 0.1249, 0.1250, 0.1250, 0.1252],
        [0.1250, 0.1249, 0.1250, 0.1251, 0.1250, 0.1251, 0.1250, 0.1249],
        [0.1249, 0.1251, 0.1250, 0.1251, 0.1248, 0.1251, 0.1249, 0.1251]],
       device='cuda:0', grad_fn=<SoftmaxBackward>)
#####################
07/26 02:13:08 AM | Train: [ 1/50] Step 000/390 Loss 4.706 Prec@(1,5) (3.1%, 10.9%)
07/26 02:27:03 AM | 
07/26 02:27:04 AM | Parameters:
07/26 02:27:04 AM | ALPHA_LR=0.0003
07/26 02:27:04 AM | ALPHA_WEIGHT_DECAY=0.001
07/26 02:27:04 AM | BATCH_SIZE=64
07/26 02:27:04 AM | DATA_PATH=./data/
07/26 02:27:04 AM | DATASET=cifar100
07/26 02:27:04 AM | EPOCHS=50
07/26 02:27:04 AM | GPUS=[0]
07/26 02:27:04 AM | INIT_CHANNELS=16
07/26 02:27:04 AM | LAYERS=8
07/26 02:27:04 AM | NAME=cifar100-2e2
07/26 02:27:04 AM | PATH=searchs/cifar100-2e2
07/26 02:27:04 AM | PLOT_PATH=searchs/cifar100-2e2/plots
07/26 02:27:04 AM | PRINT_FREQ=50
07/26 02:27:04 AM | SEED=2
07/26 02:27:04 AM | W_GRAD_CLIP=5.0
07/26 02:27:04 AM | W_LR=0.025
07/26 02:27:04 AM | W_LR_MIN=0.001
07/26 02:27:04 AM | W_MOMENTUM=0.9
07/26 02:27:04 AM | W_WEIGHT_DECAY=0.0003
07/26 02:27:04 AM | WORKERS=4
07/26 02:27:04 AM | 
07/26 02:27:04 AM | Logger is set - training start
####### ALPHA #######
# Alpha - normal
tensor([[0.1249, 0.1252, 0.1249, 0.1249, 0.1249, 0.1252, 0.1249, 0.1250],
        [0.1249, 0.1251, 0.1250, 0.1250, 0.1252, 0.1249, 0.1250, 0.1250]],
       device='cuda:0', grad_fn=<SoftmaxBackward>)
tensor([[0.1249, 0.1253, 0.1250, 0.1250, 0.1249, 0.1250, 0.1250, 0.1249],
        [0.1251, 0.1247, 0.1249, 0.1253, 0.1248, 0.1249, 0.1251, 0.1253],
        [0.1250, 0.1250, 0.1249, 0.1251, 0.1252, 0.1250, 0.1251, 0.1249]],
       device='cuda:0', grad_fn=<SoftmaxBackward>)
tensor([[0.1250, 0.1249, 0.1250, 0.1250, 0.1250, 0.1251, 0.1249, 0.1251],
        [0.1250, 0.1249, 0.1251, 0.1249, 0.1249, 0.1253, 0.1252, 0.1248],
        [0.1250, 0.1250, 0.1251, 0.1248, 0.1251, 0.1250, 0.1251, 0.1250],
        [0.1250, 0.1251, 0.1250, 0.1251, 0.1251, 0.1251, 0.1249, 0.1248]],
       device='cuda:0', grad_fn=<SoftmaxBackward>)
tensor([[0.1250, 0.1250, 0.1249, 0.1249, 0.1251, 0.1250, 0.1249, 0.1252],
        [0.1250, 0.1252, 0.1252, 0.1248, 0.1250, 0.1249, 0.1248, 0.1251],
        [0.1251, 0.1251, 0.1250, 0.1251, 0.1248, 0.1250, 0.1249, 0.1249],
        [0.1249, 0.1250, 0.1250, 0.1253, 0.1251, 0.1251, 0.1247, 0.1249],
        [0.1251, 0.1251, 0.1252, 0.1249, 0.1249, 0.1251, 0.1250, 0.1249]],
       device='cuda:0', grad_fn=<SoftmaxBackward>)

# Alpha - reduce
tensor([[0.1248, 0.1249, 0.1249, 0.1251, 0.1250, 0.1250, 0.1251, 0.1251],
        [0.1250, 0.1248, 0.1249, 0.1252, 0.1249, 0.1250, 0.1249, 0.1251]],
       device='cuda:0', grad_fn=<SoftmaxBackward>)
tensor([[0.1251, 0.1249, 0.1252, 0.1249, 0.1250, 0.1250, 0.1249, 0.1250],
        [0.1250, 0.1249, 0.1250, 0.1251, 0.1251, 0.1249, 0.1250, 0.1251],
        [0.1250, 0.1250, 0.1250, 0.1249, 0.1250, 0.1250, 0.1250, 0.1252]],
       device='cuda:0', grad_fn=<SoftmaxBackward>)
tensor([[0.1251, 0.1247, 0.1249, 0.1252, 0.1252, 0.1249, 0.1251, 0.1249],
        [0.1250, 0.1250, 0.1250, 0.1251, 0.1253, 0.1249, 0.1249, 0.1248],
        [0.1250, 0.1252, 0.1250, 0.1250, 0.1251, 0.1248, 0.1251, 0.1249],
        [0.1250, 0.1251, 0.1251, 0.1249, 0.1248, 0.1251, 0.1250, 0.1250]],
       device='cuda:0', grad_fn=<SoftmaxBackward>)
tensor([[0.1250, 0.1249, 0.1251, 0.1251, 0.1251, 0.1249, 0.1250, 0.1250],
        [0.1252, 0.1249, 0.1251, 0.1251, 0.1250, 0.1249, 0.1249, 0.1249],
        [0.1249, 0.1250, 0.1251, 0.1250, 0.1249, 0.1250, 0.1250, 0.1252],
        [0.1250, 0.1249, 0.1250, 0.1251, 0.1250, 0.1251, 0.1250, 0.1249],
        [0.1249, 0.1251, 0.1250, 0.1251, 0.1248, 0.1251, 0.1249, 0.1251]],
       device='cuda:0', grad_fn=<SoftmaxBackward>)
#####################
07/26 02:27:21 AM | Train: [ 1/50] Step 000/390 Loss 4.706 Prec@(1,5) (3.1%, 10.9%)
