07/20 09:44:39 PM | 
07/20 09:44:39 PM | Parameters:
07/20 09:44:39 PM | ALPHA_LR=0.0003
07/20 09:44:39 PM | ALPHA_WEIGHT_DECAY=0.001
07/20 09:44:39 PM | BATCH_SIZE=64
07/20 09:44:39 PM | DATA_PATH=./data/
07/20 09:44:39 PM | DATASET=cifar10
07/20 09:44:39 PM | EPOCHS=50
07/20 09:44:39 PM | GPUS=[0]
07/20 09:44:39 PM | INIT_CHANNELS=16
07/20 09:44:39 PM | LAYERS=8
07/20 09:44:39 PM | NAME=cifar10-10
07/20 09:44:39 PM | PATH=searchs/cifar10-10
07/20 09:44:39 PM | PLOT_PATH=searchs/cifar10-10/plots
07/20 09:44:39 PM | PRINT_FREQ=50
07/20 09:44:39 PM | SEED=2
07/20 09:44:39 PM | W_GRAD_CLIP=5.0
07/20 09:44:39 PM | W_LR=0.025
07/20 09:44:39 PM | W_LR_MIN=0.001
07/20 09:44:39 PM | W_MOMENTUM=0.9
07/20 09:44:39 PM | W_WEIGHT_DECAY=0.0003
07/20 09:44:39 PM | WORKERS=4
07/20 09:44:39 PM | 
07/20 09:44:39 PM | Logger is set - training start
####### ALPHA #######
# Alpha - normal
tensor([[0.1249, 0.1252, 0.1249, 0.1249, 0.1249, 0.1252, 0.1249, 0.1250],
        [0.1249, 0.1251, 0.1250, 0.1250, 0.1252, 0.1249, 0.1250, 0.1250]],
       device='cuda:0', grad_fn=<SoftmaxBackward>)
tensor([[0.1249, 0.1253, 0.1250, 0.1250, 0.1249, 0.1250, 0.1250, 0.1249],
        [0.1251, 0.1247, 0.1249, 0.1253, 0.1248, 0.1249, 0.1251, 0.1253],
        [0.1250, 0.1250, 0.1249, 0.1251, 0.1252, 0.1250, 0.1251, 0.1249]],
       device='cuda:0', grad_fn=<SoftmaxBackward>)
tensor([[0.1250, 0.1249, 0.1250, 0.1250, 0.1250, 0.1251, 0.1249, 0.1251],
        [0.1250, 0.1249, 0.1251, 0.1249, 0.1249, 0.1253, 0.1252, 0.1248],
        [0.1250, 0.1250, 0.1251, 0.1248, 0.1251, 0.1250, 0.1251, 0.1250],
        [0.1250, 0.1251, 0.1250, 0.1251, 0.1251, 0.1251, 0.1249, 0.1248]],
       device='cuda:0', grad_fn=<SoftmaxBackward>)
tensor([[0.1250, 0.1250, 0.1249, 0.1249, 0.1251, 0.1250, 0.1249, 0.1252],
        [0.1250, 0.1252, 0.1252, 0.1248, 0.1250, 0.1249, 0.1248, 0.1251],
        [0.1251, 0.1251, 0.1250, 0.1251, 0.1248, 0.1250, 0.1249, 0.1249],
        [0.1249, 0.1250, 0.1250, 0.1253, 0.1251, 0.1251, 0.1247, 0.1249],
        [0.1251, 0.1251, 0.1252, 0.1249, 0.1249, 0.1251, 0.1250, 0.1249]],
       device='cuda:0', grad_fn=<SoftmaxBackward>)

# Alpha - reduce
tensor([[0.1248, 0.1249, 0.1249, 0.1251, 0.1250, 0.1250, 0.1251, 0.1251],
        [0.1250, 0.1248, 0.1249, 0.1252, 0.1249, 0.1250, 0.1249, 0.1251]],
       device='cuda:0', grad_fn=<SoftmaxBackward>)
tensor([[0.1251, 0.1249, 0.1252, 0.1249, 0.1250, 0.1250, 0.1249, 0.1250],
        [0.1250, 0.1249, 0.1250, 0.1251, 0.1251, 0.1249, 0.1250, 0.1251],
        [0.1250, 0.1250, 0.1250, 0.1249, 0.1250, 0.1250, 0.1250, 0.1252]],
       device='cuda:0', grad_fn=<SoftmaxBackward>)
tensor([[0.1251, 0.1247, 0.1249, 0.1252, 0.1252, 0.1249, 0.1251, 0.1249],
        [0.1250, 0.1250, 0.1250, 0.1251, 0.1253, 0.1249, 0.1249, 0.1248],
        [0.1250, 0.1252, 0.1250, 0.1250, 0.1251, 0.1248, 0.1251, 0.1249],
        [0.1250, 0.1251, 0.1251, 0.1249, 0.1248, 0.1251, 0.1250, 0.1250]],
       device='cuda:0', grad_fn=<SoftmaxBackward>)
tensor([[0.1250, 0.1249, 0.1251, 0.1251, 0.1251, 0.1249, 0.1250, 0.1250],
        [0.1252, 0.1249, 0.1251, 0.1251, 0.1250, 0.1249, 0.1249, 0.1249],
        [0.1249, 0.1250, 0.1251, 0.1250, 0.1249, 0.1250, 0.1250, 0.1252],
        [0.1250, 0.1249, 0.1250, 0.1251, 0.1250, 0.1251, 0.1250, 0.1249],
        [0.1249, 0.1251, 0.1250, 0.1251, 0.1248, 0.1251, 0.1249, 0.1251]],
       device='cuda:0', grad_fn=<SoftmaxBackward>)
#####################
07/20 09:44:51 PM | Train: [ 1/50] Step 000/001 Loss 2.533 Prec@(1,5) (12.5%, 25.0%)
07/20 09:44:54 PM | Train: [ 1/50] Step 001/001 Loss 2.502 Prec@(1,5) (11.1%, 33.3%)
07/20 09:44:55 PM | Train: [ 1/50] Final Prec@1 11.1111%
07/20 09:44:55 PM | Valid: [ 1/50] Step 000/390 Loss 2.372 Prec@(1,5) (4.7%, 45.3%)
07/20 09:45:04 PM | Valid: [ 1/50] Step 050/390 Loss 2.342 Prec@(1,5) (9.4%, 48.6%)
07/20 09:45:14 PM | Valid: [ 1/50] Step 100/390 Loss 2.338 Prec@(1,5) (9.8%, 49.4%)
07/20 09:45:23 PM | Valid: [ 1/50] Step 150/390 Loss 2.337 Prec@(1,5) (9.7%, 49.4%)
07/20 09:45:32 PM | Valid: [ 1/50] Step 200/390 Loss 2.338 Prec@(1,5) (9.8%, 49.2%)
07/20 09:45:41 PM | Valid: [ 1/50] Step 250/390 Loss 2.336 Prec@(1,5) (9.8%, 49.5%)
07/20 09:45:51 PM | Valid: [ 1/50] Step 300/390 Loss 2.335 Prec@(1,5) (9.9%, 49.7%)
07/20 09:46:00 PM | Valid: [ 1/50] Step 350/390 Loss 2.335 Prec@(1,5) (9.9%, 49.8%)
07/20 09:46:08 PM | Valid: [ 1/50] Step 390/390 Loss 2.336 Prec@(1,5) (10.0%, 49.7%)
07/20 09:46:08 PM | Valid: [ 1/50] Final Prec@1 9.9720%
07/20 09:46:08 PM | genotype = Genotype(normal=[[('sep_conv_5x5', 1), ('dil_conv_3x3', 0)], [('sep_conv_3x3', 1), ('avg_pool_3x3', 0)], [('dil_conv_3x3', 1), ('dil_conv_3x3', 0)], [('sep_conv_3x3', 3), ('skip_connect', 1)]], normal_concat=range(2, 6), reduce=[[('sep_conv_3x3', 1), ('dil_conv_5x5', 0)], [('sep_conv_5x5', 1), ('max_pool_3x3', 0)], [('sep_conv_5x5', 1), ('avg_pool_3x3', 2)], [('max_pool_3x3', 1), ('dil_conv_3x3', 3)]], reduce_concat=range(2, 6))
####### ALPHA #######
# Alpha - normal
tensor([[0.1250, 0.1251, 0.1248, 0.1249, 0.1250, 0.1251, 0.1250, 0.1250],
        [0.1249, 0.1250, 0.1249, 0.1251, 0.1252, 0.1249, 0.1250, 0.1251]],
       device='cuda:0', grad_fn=<SoftmaxBackward>)
tensor([[0.1250, 0.1253, 0.1251, 0.1250, 0.1248, 0.1250, 0.1249, 0.1249],
        [0.1250, 0.1246, 0.1248, 0.1253, 0.1249, 0.1249, 0.1251, 0.1253],
        [0.1250, 0.1250, 0.1248, 0.1251, 0.1253, 0.1250, 0.1251, 0.1248]],
       device='cuda:0', grad_fn=<SoftmaxBackward>)
tensor([[0.1250, 0.1249, 0.1250, 0.1250, 0.1251, 0.1252, 0.1248, 0.1251],
        [0.1249, 0.1248, 0.1250, 0.1250, 0.1250, 0.1253, 0.1252, 0.1249],
        [0.1250, 0.1250, 0.1250, 0.1248, 0.1251, 0.1250, 0.1250, 0.1250],
        [0.1250, 0.1250, 0.1250, 0.1251, 0.1251, 0.1251, 0.1249, 0.1249]],
       device='cuda:0', grad_fn=<SoftmaxBackward>)
tensor([[0.1251, 0.1250, 0.1248, 0.1249, 0.1251, 0.1249, 0.1249, 0.1251],
        [0.1250, 0.1251, 0.1252, 0.1247, 0.1251, 0.1249, 0.1249, 0.1251],
        [0.1251, 0.1250, 0.1249, 0.1251, 0.1249, 0.1251, 0.1250, 0.1248],
        [0.1248, 0.1250, 0.1249, 0.1254, 0.1251, 0.1251, 0.1248, 0.1249],
        [0.1250, 0.1251, 0.1251, 0.1249, 0.1248, 0.1251, 0.1250, 0.1249]],
       device='cuda:0', grad_fn=<SoftmaxBackward>)

# Alpha - reduce
tensor([[0.1249, 0.1250, 0.1248, 0.1250, 0.1249, 0.1250, 0.1252, 0.1251],
        [0.1249, 0.1248, 0.1250, 0.1252, 0.1249, 0.1250, 0.1250, 0.1252]],
       device='cuda:0', grad_fn=<SoftmaxBackward>)
tensor([[0.1252, 0.1249, 0.1251, 0.1250, 0.1249, 0.1250, 0.1249, 0.1251],
        [0.1249, 0.1248, 0.1251, 0.1251, 0.1251, 0.1249, 0.1250, 0.1250],
        [0.1249, 0.1249, 0.1250, 0.1249, 0.1249, 0.1250, 0.1251, 0.1252]],
       device='cuda:0', grad_fn=<SoftmaxBackward>)
tensor([[0.1251, 0.1248, 0.1250, 0.1252, 0.1252, 0.1248, 0.1251, 0.1248],
        [0.1250, 0.1249, 0.1250, 0.1250, 0.1252, 0.1249, 0.1250, 0.1249],
        [0.1250, 0.1252, 0.1250, 0.1249, 0.1251, 0.1249, 0.1250, 0.1248],
        [0.1250, 0.1251, 0.1251, 0.1250, 0.1248, 0.1251, 0.1249, 0.1249]],
       device='cuda:0', grad_fn=<SoftmaxBackward>)
tensor([[0.1250, 0.1250, 0.1250, 0.1251, 0.1250, 0.1249, 0.1250, 0.1249],
        [0.1252, 0.1248, 0.1251, 0.1250, 0.1249, 0.1250, 0.1250, 0.1250],
        [0.1249, 0.1250, 0.1251, 0.1250, 0.1249, 0.1249, 0.1249, 0.1252],
        [0.1250, 0.1249, 0.1250, 0.1251, 0.1250, 0.1252, 0.1249, 0.1248],
        [0.1249, 0.1251, 0.1251, 0.1251, 0.1248, 0.1250, 0.1248, 0.1252]],
       device='cuda:0', grad_fn=<SoftmaxBackward>)
#####################
07/20 09:46:13 PM | Train: [ 2/50] Step 000/001 Loss 1.767 Prec@(1,5) (62.5%, 100.0%)
07/20 09:46:16 PM | Train: [ 2/50] Step 001/001 Loss 1.830 Prec@(1,5) (55.6%, 88.9%)
07/20 09:46:17 PM | Train: [ 2/50] Final Prec@1 55.5556%
07/20 09:46:17 PM | Valid: [ 2/50] Step 000/390 Loss 2.482 Prec@(1,5) (9.4%, 46.9%)
07/20 09:46:26 PM | Valid: [ 2/50] Step 050/390 Loss 2.399 Prec@(1,5) (10.2%, 49.7%)
07/20 09:46:36 PM | Valid: [ 2/50] Step 100/390 Loss 2.397 Prec@(1,5) (10.2%, 49.7%)
07/20 09:46:45 PM | Valid: [ 2/50] Step 150/390 Loss 2.400 Prec@(1,5) (10.0%, 49.7%)
07/20 09:46:54 PM | Valid: [ 2/50] Step 200/390 Loss 2.399 Prec@(1,5) (10.1%, 49.9%)
07/20 09:47:05 PM | Valid: [ 2/50] Step 250/390 Loss 2.397 Prec@(1,5) (10.1%, 50.0%)
07/20 09:47:15 PM | Valid: [ 2/50] Step 300/390 Loss 2.400 Prec@(1,5) (9.9%, 49.6%)
07/20 09:47:25 PM | Valid: [ 2/50] Step 350/390 Loss 2.400 Prec@(1,5) (9.9%, 49.7%)
07/20 09:47:33 PM | Valid: [ 2/50] Step 390/390 Loss 2.399 Prec@(1,5) (10.0%, 49.7%)
07/20 09:47:33 PM | Valid: [ 2/50] Final Prec@1 10.0400%
07/20 09:47:33 PM | genotype = Genotype(normal=[[('sep_conv_5x5', 1), ('dil_conv_3x3', 0)], [('sep_conv_3x3', 1), ('sep_conv_5x5', 2)], [('dil_conv_3x3', 1), ('dil_conv_3x3', 0)], [('sep_conv_3x3', 3), ('sep_conv_5x5', 0)]], normal_concat=range(2, 6), reduce=[[('sep_conv_3x3', 1), ('dil_conv_5x5', 0)], [('sep_conv_3x3', 1), ('max_pool_3x3', 0)], [('sep_conv_5x5', 1), ('sep_conv_5x5', 0)], [('dil_conv_3x3', 3), ('max_pool_3x3', 1)]], reduce_concat=range(2, 6))
####### ALPHA #######
# Alpha - normal
tensor([[0.1251, 0.1251, 0.1249, 0.1249, 0.1250, 0.1251, 0.1249, 0.1249],
        [0.1248, 0.1250, 0.1248, 0.1252, 0.1253, 0.1248, 0.1249, 0.1251]],
       device='cuda:0', grad_fn=<SoftmaxBackward>)
tensor([[0.1250, 0.1254, 0.1251, 0.1250, 0.1249, 0.1249, 0.1249, 0.1249],
        [0.1249, 0.1246, 0.1247, 0.1253, 0.1249, 0.1250, 0.1252, 0.1254],
        [0.1249, 0.1249, 0.1248, 0.1251, 0.1254, 0.1250, 0.1251, 0.1249]],
       device='cuda:0', grad_fn=<SoftmaxBackward>)
tensor([[0.1250, 0.1249, 0.1250, 0.1250, 0.1251, 0.1252, 0.1248, 0.1251],
        [0.1249, 0.1247, 0.1249, 0.1249, 0.1250, 0.1253, 0.1253, 0.1249],
        [0.1250, 0.1249, 0.1250, 0.1249, 0.1252, 0.1250, 0.1250, 0.1251],
        [0.1249, 0.1249, 0.1249, 0.1250, 0.1252, 0.1252, 0.1250, 0.1249]],
       device='cuda:0', grad_fn=<SoftmaxBackward>)
tensor([[0.1251, 0.1250, 0.1247, 0.1250, 0.1252, 0.1250, 0.1249, 0.1252],
        [0.1249, 0.1250, 0.1251, 0.1247, 0.1251, 0.1250, 0.1249, 0.1252],
        [0.1250, 0.1249, 0.1248, 0.1251, 0.1250, 0.1252, 0.1251, 0.1249],
        [0.1248, 0.1249, 0.1249, 0.1255, 0.1251, 0.1252, 0.1248, 0.1249],
        [0.1250, 0.1250, 0.1250, 0.1249, 0.1249, 0.1251, 0.1251, 0.1250]],
       device='cuda:0', grad_fn=<SoftmaxBackward>)

# Alpha - reduce
tensor([[0.1249, 0.1250, 0.1248, 0.1251, 0.1249, 0.1250, 0.1252, 0.1251],
        [0.1250, 0.1248, 0.1251, 0.1251, 0.1249, 0.1249, 0.1251, 0.1252]],
       device='cuda:0', grad_fn=<SoftmaxBackward>)
tensor([[0.1252, 0.1248, 0.1251, 0.1250, 0.1249, 0.1250, 0.1248, 0.1251],
        [0.1249, 0.1248, 0.1251, 0.1252, 0.1251, 0.1249, 0.1250, 0.1250],
        [0.1250, 0.1248, 0.1250, 0.1250, 0.1249, 0.1249, 0.1251, 0.1253]],
       device='cuda:0', grad_fn=<SoftmaxBackward>)
tensor([[0.1251, 0.1247, 0.1250, 0.1252, 0.1252, 0.1248, 0.1251, 0.1248],
        [0.1250, 0.1249, 0.1251, 0.1250, 0.1252, 0.1249, 0.1250, 0.1248],
        [0.1250, 0.1252, 0.1250, 0.1249, 0.1252, 0.1249, 0.1250, 0.1248],
        [0.1251, 0.1251, 0.1251, 0.1251, 0.1248, 0.1251, 0.1249, 0.1248]],
       device='cuda:0', grad_fn=<SoftmaxBackward>)
tensor([[0.1251, 0.1250, 0.1249, 0.1250, 0.1250, 0.1250, 0.1251, 0.1248],
        [0.1252, 0.1247, 0.1251, 0.1250, 0.1249, 0.1250, 0.1251, 0.1250],
        [0.1249, 0.1250, 0.1251, 0.1249, 0.1250, 0.1249, 0.1250, 0.1253],
        [0.1250, 0.1249, 0.1250, 0.1251, 0.1251, 0.1252, 0.1249, 0.1249],
        [0.1249, 0.1251, 0.1251, 0.1250, 0.1248, 0.1250, 0.1248, 0.1252]],
       device='cuda:0', grad_fn=<SoftmaxBackward>)
#####################
07/20 09:47:38 PM | Train: [ 3/50] Step 000/001 Loss 1.141 Prec@(1,5) (75.0%, 100.0%)
07/20 09:47:41 PM | Train: [ 3/50] Step 001/001 Loss 1.269 Prec@(1,5) (66.7%, 100.0%)
07/20 09:47:41 PM | Train: [ 3/50] Final Prec@1 66.6667%
07/20 09:47:42 PM | Valid: [ 3/50] Step 000/390 Loss 2.600 Prec@(1,5) (14.1%, 40.6%)
07/20 09:47:51 PM | Valid: [ 3/50] Step 050/390 Loss 2.523 Prec@(1,5) (10.1%, 48.4%)
07/20 09:48:00 PM | Valid: [ 3/50] Step 100/390 Loss 2.522 Prec@(1,5) (10.2%, 48.7%)
07/20 09:48:10 PM | Valid: [ 3/50] Step 150/390 Loss 2.519 Prec@(1,5) (10.0%, 49.1%)
07/20 09:48:19 PM | Valid: [ 3/50] Step 200/390 Loss 2.518 Prec@(1,5) (10.0%, 49.5%)
07/20 09:48:29 PM | Valid: [ 3/50] Step 250/390 Loss 2.514 Prec@(1,5) (10.0%, 49.7%)
07/20 09:48:38 PM | Valid: [ 3/50] Step 300/390 Loss 2.515 Prec@(1,5) (9.8%, 49.6%)
07/20 09:48:47 PM | Valid: [ 3/50] Step 350/390 Loss 2.512 Prec@(1,5) (9.9%, 49.8%)
07/20 09:48:55 PM | Valid: [ 3/50] Step 390/390 Loss 2.512 Prec@(1,5) (10.0%, 49.9%)
07/20 09:48:55 PM | Valid: [ 3/50] Final Prec@1 10.0400%
07/20 09:48:55 PM | genotype = Genotype(normal=[[('sep_conv_5x5', 1), ('sep_conv_5x5', 0)], [('sep_conv_3x3', 1), ('sep_conv_5x5', 2)], [('dil_conv_3x3', 1), ('dil_conv_3x3', 0)], [('sep_conv_3x3', 3), ('sep_conv_5x5', 0)]], normal_concat=range(2, 6), reduce=[[('skip_connect', 1), ('sep_conv_3x3', 0)], [('sep_conv_3x3', 1), ('max_pool_3x3', 0)], [('sep_conv_5x5', 1), ('sep_conv_5x5', 0)], [('skip_connect', 2), ('skip_connect', 4)]], reduce_concat=range(2, 6))
####### ALPHA #######
# Alpha - normal
tensor([[0.1251, 0.1250, 0.1248, 0.1249, 0.1251, 0.1251, 0.1250, 0.1249],
        [0.1247, 0.1249, 0.1247, 0.1252, 0.1253, 0.1249, 0.1250, 0.1252]],
       device='cuda:0', grad_fn=<SoftmaxBackward>)
tensor([[0.1250, 0.1253, 0.1251, 0.1250, 0.1250, 0.1248, 0.1250, 0.1248],
        [0.1248, 0.1245, 0.1246, 0.1254, 0.1250, 0.1250, 0.1252, 0.1255],
        [0.1248, 0.1248, 0.1247, 0.1252, 0.1254, 0.1250, 0.1251, 0.1250]],
       device='cuda:0', grad_fn=<SoftmaxBackward>)
tensor([[0.1250, 0.1248, 0.1249, 0.1250, 0.1251, 0.1252, 0.1247, 0.1252],
        [0.1248, 0.1247, 0.1248, 0.1249, 0.1251, 0.1254, 0.1254, 0.1249],
        [0.1249, 0.1249, 0.1249, 0.1249, 0.1252, 0.1250, 0.1251, 0.1252],
        [0.1248, 0.1248, 0.1248, 0.1250, 0.1252, 0.1252, 0.1251, 0.1250]],
       device='cuda:0', grad_fn=<SoftmaxBackward>)
tensor([[0.1250, 0.1249, 0.1246, 0.1250, 0.1252, 0.1250, 0.1250, 0.1253],
        [0.1248, 0.1249, 0.1250, 0.1248, 0.1252, 0.1251, 0.1250, 0.1253],
        [0.1249, 0.1248, 0.1247, 0.1252, 0.1250, 0.1252, 0.1252, 0.1250],
        [0.1247, 0.1248, 0.1247, 0.1256, 0.1251, 0.1252, 0.1249, 0.1250],
        [0.1249, 0.1249, 0.1249, 0.1250, 0.1250, 0.1252, 0.1251, 0.1251]],
       device='cuda:0', grad_fn=<SoftmaxBackward>)

# Alpha - reduce
tensor([[0.1250, 0.1250, 0.1247, 0.1252, 0.1250, 0.1250, 0.1252, 0.1251],
        [0.1250, 0.1247, 0.1251, 0.1251, 0.1249, 0.1250, 0.1251, 0.1252]],
       device='cuda:0', grad_fn=<SoftmaxBackward>)
tensor([[0.1252, 0.1248, 0.1251, 0.1251, 0.1249, 0.1250, 0.1248, 0.1251],
        [0.1248, 0.1247, 0.1252, 0.1253, 0.1251, 0.1249, 0.1250, 0.1250],
        [0.1250, 0.1247, 0.1250, 0.1251, 0.1248, 0.1248, 0.1252, 0.1254]],
       device='cuda:0', grad_fn=<SoftmaxBackward>)
tensor([[0.1252, 0.1248, 0.1250, 0.1252, 0.1252, 0.1249, 0.1250, 0.1248],
        [0.1251, 0.1249, 0.1251, 0.1250, 0.1253, 0.1249, 0.1250, 0.1249],
        [0.1251, 0.1252, 0.1250, 0.1249, 0.1252, 0.1249, 0.1250, 0.1247],
        [0.1251, 0.1252, 0.1251, 0.1251, 0.1249, 0.1251, 0.1248, 0.1248]],
       device='cuda:0', grad_fn=<SoftmaxBackward>)
tensor([[0.1252, 0.1251, 0.1249, 0.1250, 0.1249, 0.1250, 0.1251, 0.1248],
        [0.1252, 0.1246, 0.1250, 0.1250, 0.1249, 0.1251, 0.1251, 0.1251],
        [0.1250, 0.1250, 0.1252, 0.1248, 0.1250, 0.1248, 0.1250, 0.1252],
        [0.1250, 0.1249, 0.1250, 0.1250, 0.1251, 0.1252, 0.1248, 0.1249],
        [0.1250, 0.1251, 0.1252, 0.1250, 0.1248, 0.1250, 0.1247, 0.1252]],
       device='cuda:0', grad_fn=<SoftmaxBackward>)
#####################
07/20 09:49:00 PM | Train: [ 4/50] Step 000/001 Loss 0.816 Prec@(1,5) (75.0%, 100.0%)
07/20 09:49:04 PM | Train: [ 4/50] Step 001/001 Loss 0.966 Prec@(1,5) (77.8%, 100.0%)
07/20 09:49:04 PM | Train: [ 4/50] Final Prec@1 77.7778%
07/20 09:49:04 PM | Valid: [ 4/50] Step 000/390 Loss 2.724 Prec@(1,5) (10.9%, 53.1%)
07/20 09:49:14 PM | Valid: [ 4/50] Step 050/390 Loss 2.774 Prec@(1,5) (9.9%, 49.6%)
07/20 09:49:23 PM | Valid: [ 4/50] Step 100/390 Loss 2.772 Prec@(1,5) (9.9%, 49.8%)
07/20 09:49:32 PM | Valid: [ 4/50] Step 150/390 Loss 2.767 Prec@(1,5) (10.3%, 49.9%)
07/20 09:49:42 PM | Valid: [ 4/50] Step 200/390 Loss 2.771 Prec@(1,5) (10.1%, 49.6%)
07/20 09:49:51 PM | Valid: [ 4/50] Step 250/390 Loss 2.767 Prec@(1,5) (10.3%, 49.9%)
07/20 09:50:00 PM | Valid: [ 4/50] Step 300/390 Loss 2.769 Prec@(1,5) (10.3%, 49.8%)
07/20 09:50:10 PM | Valid: [ 4/50] Step 350/390 Loss 2.770 Prec@(1,5) (10.3%, 49.8%)
07/20 09:50:17 PM | Valid: [ 4/50] Step 390/390 Loss 2.771 Prec@(1,5) (10.3%, 49.8%)
07/20 09:50:17 PM | Valid: [ 4/50] Final Prec@1 10.2920%
07/20 09:50:17 PM | genotype = Genotype(normal=[[('sep_conv_5x5', 1), ('sep_conv_5x5', 0)], [('sep_conv_3x3', 1), ('sep_conv_5x5', 2)], [('dil_conv_3x3', 1), ('dil_conv_3x3', 0)], [('sep_conv_3x3', 3), ('dil_conv_3x3', 2)]], normal_concat=range(2, 6), reduce=[[('skip_connect', 1), ('sep_conv_3x3', 0)], [('sep_conv_3x3', 1), ('max_pool_3x3', 0)], [('sep_conv_5x5', 1), ('max_pool_3x3', 0)], [('skip_connect', 2), ('skip_connect', 4)]], reduce_concat=range(2, 6))
####### ALPHA #######
# Alpha - normal
tensor([[0.1251, 0.1249, 0.1248, 0.1249, 0.1252, 0.1252, 0.1251, 0.1249],
        [0.1246, 0.1247, 0.1246, 0.1253, 0.1254, 0.1250, 0.1251, 0.1253]],
       device='cuda:0', grad_fn=<SoftmaxBackward>)
tensor([[0.1249, 0.1252, 0.1250, 0.1250, 0.1250, 0.1248, 0.1251, 0.1249],
        [0.1247, 0.1243, 0.1245, 0.1255, 0.1251, 0.1251, 0.1253, 0.1256],
        [0.1247, 0.1247, 0.1246, 0.1252, 0.1255, 0.1250, 0.1252, 0.1250]],
       device='cuda:0', grad_fn=<SoftmaxBackward>)
tensor([[0.1249, 0.1247, 0.1248, 0.1249, 0.1252, 0.1253, 0.1248, 0.1253],
        [0.1247, 0.1246, 0.1247, 0.1249, 0.1252, 0.1255, 0.1254, 0.1250],
        [0.1248, 0.1248, 0.1248, 0.1250, 0.1252, 0.1250, 0.1252, 0.1253],
        [0.1247, 0.1247, 0.1247, 0.1250, 0.1253, 0.1253, 0.1252, 0.1251]],
       device='cuda:0', grad_fn=<SoftmaxBackward>)
tensor([[0.1249, 0.1247, 0.1245, 0.1251, 0.1253, 0.1251, 0.1251, 0.1254],
        [0.1247, 0.1248, 0.1249, 0.1248, 0.1253, 0.1252, 0.1250, 0.1254],
        [0.1248, 0.1247, 0.1246, 0.1252, 0.1251, 0.1253, 0.1252, 0.1250],
        [0.1245, 0.1246, 0.1246, 0.1257, 0.1252, 0.1253, 0.1249, 0.1251],
        [0.1247, 0.1247, 0.1248, 0.1251, 0.1250, 0.1253, 0.1252, 0.1252]],
       device='cuda:0', grad_fn=<SoftmaxBackward>)

# Alpha - reduce
tensor([[0.1249, 0.1249, 0.1246, 0.1252, 0.1251, 0.1251, 0.1251, 0.1250],
        [0.1249, 0.1246, 0.1252, 0.1251, 0.1248, 0.1250, 0.1251, 0.1253]],
       device='cuda:0', grad_fn=<SoftmaxBackward>)
tensor([[0.1253, 0.1249, 0.1251, 0.1251, 0.1249, 0.1251, 0.1247, 0.1251],
        [0.1248, 0.1247, 0.1252, 0.1253, 0.1251, 0.1250, 0.1250, 0.1250],
        [0.1250, 0.1247, 0.1251, 0.1250, 0.1248, 0.1248, 0.1252, 0.1254]],
       device='cuda:0', grad_fn=<SoftmaxBackward>)
tensor([[0.1252, 0.1248, 0.1250, 0.1251, 0.1252, 0.1248, 0.1250, 0.1247],
        [0.1251, 0.1249, 0.1251, 0.1250, 0.1253, 0.1248, 0.1250, 0.1248],
        [0.1251, 0.1252, 0.1250, 0.1249, 0.1253, 0.1249, 0.1250, 0.1246],
        [0.1251, 0.1251, 0.1251, 0.1252, 0.1248, 0.1250, 0.1248, 0.1248]],
       device='cuda:0', grad_fn=<SoftmaxBackward>)
tensor([[0.1252, 0.1251, 0.1249, 0.1250, 0.1249, 0.1250, 0.1251, 0.1247],
        [0.1251, 0.1246, 0.1249, 0.1250, 0.1250, 0.1252, 0.1252, 0.1250],
        [0.1250, 0.1250, 0.1252, 0.1248, 0.1250, 0.1247, 0.1250, 0.1253],
        [0.1250, 0.1248, 0.1250, 0.1251, 0.1251, 0.1253, 0.1249, 0.1249],
        [0.1250, 0.1251, 0.1252, 0.1249, 0.1249, 0.1249, 0.1248, 0.1252]],
       device='cuda:0', grad_fn=<SoftmaxBackward>)
#####################
07/20 09:50:22 PM | Train: [ 5/50] Step 000/001 Loss 0.299 Prec@(1,5) (100.0%, 100.0%)
07/20 09:50:26 PM | Train: [ 5/50] Step 001/001 Loss 0.505 Prec@(1,5) (88.9%, 100.0%)
07/20 09:50:26 PM | Train: [ 5/50] Final Prec@1 88.8889%
07/20 09:50:27 PM | Valid: [ 5/50] Step 000/390 Loss 3.579 Prec@(1,5) (17.2%, 57.8%)
07/20 09:50:36 PM | Valid: [ 5/50] Step 050/390 Loss 3.657 Prec@(1,5) (12.0%, 53.6%)
07/20 09:50:46 PM | Valid: [ 5/50] Step 100/390 Loss 3.645 Prec@(1,5) (12.3%, 54.1%)
07/20 09:50:55 PM | Valid: [ 5/50] Step 150/390 Loss 3.605 Prec@(1,5) (12.7%, 54.2%)
07/20 09:51:05 PM | Valid: [ 5/50] Step 200/390 Loss 3.588 Prec@(1,5) (12.8%, 54.1%)
07/20 09:51:14 PM | Valid: [ 5/50] Step 250/390 Loss 3.589 Prec@(1,5) (12.9%, 54.0%)
07/20 09:51:23 PM | Valid: [ 5/50] Step 300/390 Loss 3.590 Prec@(1,5) (12.8%, 54.2%)
07/20 09:51:33 PM | Valid: [ 5/50] Step 350/390 Loss 3.589 Prec@(1,5) (12.8%, 54.5%)
07/20 09:51:40 PM | Valid: [ 5/50] Step 390/390 Loss 3.586 Prec@(1,5) (12.9%, 54.5%)
07/20 09:51:40 PM | Valid: [ 5/50] Final Prec@1 12.8760%
07/20 09:51:40 PM | genotype = Genotype(normal=[[('sep_conv_5x5', 1), ('sep_conv_5x5', 0)], [('sep_conv_3x3', 1), ('sep_conv_5x5', 2)], [('dil_conv_3x3', 1), ('dil_conv_3x3', 0)], [('sep_conv_3x3', 3), ('dil_conv_3x3', 2)]], normal_concat=range(2, 6), reduce=[[('skip_connect', 1), ('sep_conv_3x3', 0)], [('sep_conv_3x3', 1), ('max_pool_3x3', 0)], [('sep_conv_5x5', 1), ('max_pool_3x3', 0)], [('skip_connect', 2), ('dil_conv_3x3', 3)]], reduce_concat=range(2, 6))
####### ALPHA #######
# Alpha - normal
tensor([[0.1251, 0.1249, 0.1247, 0.1249, 0.1253, 0.1251, 0.1251, 0.1250],
        [0.1245, 0.1246, 0.1245, 0.1254, 0.1255, 0.1251, 0.1251, 0.1254]],
       device='cuda:0', grad_fn=<SoftmaxBackward>)
tensor([[0.1249, 0.1251, 0.1249, 0.1251, 0.1251, 0.1248, 0.1251, 0.1250],
        [0.1246, 0.1242, 0.1244, 0.1255, 0.1252, 0.1252, 0.1254, 0.1256],
        [0.1246, 0.1246, 0.1245, 0.1252, 0.1256, 0.1250, 0.1253, 0.1251]],
       device='cuda:0', grad_fn=<SoftmaxBackward>)
tensor([[0.1248, 0.1246, 0.1247, 0.1249, 0.1253, 0.1254, 0.1248, 0.1254],
        [0.1246, 0.1244, 0.1246, 0.1250, 0.1252, 0.1256, 0.1255, 0.1251],
        [0.1246, 0.1246, 0.1246, 0.1250, 0.1253, 0.1251, 0.1253, 0.1254],
        [0.1246, 0.1246, 0.1246, 0.1250, 0.1254, 0.1254, 0.1253, 0.1252]],
       device='cuda:0', grad_fn=<SoftmaxBackward>)
tensor([[0.1247, 0.1246, 0.1244, 0.1252, 0.1253, 0.1252, 0.1251, 0.1255],
        [0.1246, 0.1247, 0.1247, 0.1249, 0.1253, 0.1252, 0.1251, 0.1255],
        [0.1247, 0.1246, 0.1245, 0.1253, 0.1252, 0.1254, 0.1253, 0.1251],
        [0.1244, 0.1245, 0.1245, 0.1257, 0.1253, 0.1254, 0.1250, 0.1252],
        [0.1246, 0.1246, 0.1247, 0.1252, 0.1251, 0.1253, 0.1252, 0.1252]],
       device='cuda:0', grad_fn=<SoftmaxBackward>)

# Alpha - reduce
tensor([[0.1249, 0.1248, 0.1245, 0.1253, 0.1252, 0.1251, 0.1251, 0.1250],
        [0.1248, 0.1245, 0.1252, 0.1251, 0.1248, 0.1250, 0.1252, 0.1253]],
       device='cuda:0', grad_fn=<SoftmaxBackward>)
tensor([[0.1253, 0.1248, 0.1252, 0.1250, 0.1248, 0.1250, 0.1246, 0.1251],
        [0.1247, 0.1246, 0.1253, 0.1253, 0.1252, 0.1250, 0.1250, 0.1250],
        [0.1250, 0.1246, 0.1251, 0.1250, 0.1248, 0.1247, 0.1252, 0.1255]],
       device='cuda:0', grad_fn=<SoftmaxBackward>)
tensor([[0.1253, 0.1248, 0.1250, 0.1252, 0.1251, 0.1248, 0.1250, 0.1247],
        [0.1250, 0.1248, 0.1252, 0.1251, 0.1254, 0.1247, 0.1251, 0.1248],
        [0.1252, 0.1252, 0.1250, 0.1248, 0.1253, 0.1250, 0.1249, 0.1246],
        [0.1251, 0.1251, 0.1251, 0.1252, 0.1249, 0.1249, 0.1248, 0.1248]],
       device='cuda:0', grad_fn=<SoftmaxBackward>)
tensor([[0.1252, 0.1251, 0.1250, 0.1250, 0.1249, 0.1250, 0.1251, 0.1247],
        [0.1251, 0.1246, 0.1249, 0.1249, 0.1250, 0.1252, 0.1252, 0.1250],
        [0.1251, 0.1250, 0.1253, 0.1249, 0.1248, 0.1247, 0.1250, 0.1252],
        [0.1249, 0.1247, 0.1249, 0.1252, 0.1251, 0.1253, 0.1250, 0.1249],
        [0.1249, 0.1250, 0.1252, 0.1249, 0.1250, 0.1250, 0.1249, 0.1252]],
       device='cuda:0', grad_fn=<SoftmaxBackward>)
#####################
07/20 09:51:46 PM | Train: [ 6/50] Step 000/001 Loss 0.090 Prec@(1,5) (100.0%, 100.0%)
07/20 09:51:49 PM | Train: [ 6/50] Step 001/001 Loss 0.310 Prec@(1,5) (100.0%, 100.0%)
07/20 09:51:49 PM | Train: [ 6/50] Final Prec@1 100.0000%
07/20 09:51:50 PM | Valid: [ 6/50] Step 000/390 Loss 4.499 Prec@(1,5) (21.9%, 46.9%)
07/20 09:51:59 PM | Valid: [ 6/50] Step 050/390 Loss 5.372 Prec@(1,5) (15.6%, 56.6%)
07/20 09:52:09 PM | Valid: [ 6/50] Step 100/390 Loss 5.340 Prec@(1,5) (15.4%, 57.2%)
07/20 09:52:18 PM | Valid: [ 6/50] Step 150/390 Loss 5.305 Prec@(1,5) (15.9%, 57.3%)
07/20 09:52:28 PM | Valid: [ 6/50] Step 200/390 Loss 5.296 Prec@(1,5) (15.7%, 57.3%)
07/20 09:52:37 PM | Valid: [ 6/50] Step 250/390 Loss 5.291 Prec@(1,5) (15.7%, 57.3%)
07/20 09:52:46 PM | Valid: [ 6/50] Step 300/390 Loss 5.288 Prec@(1,5) (15.7%, 57.2%)
07/20 09:52:56 PM | Valid: [ 6/50] Step 350/390 Loss 5.280 Prec@(1,5) (15.7%, 57.1%)
07/20 09:53:03 PM | Valid: [ 6/50] Step 390/390 Loss 5.266 Prec@(1,5) (15.7%, 57.3%)
07/20 09:53:03 PM | Valid: [ 6/50] Final Prec@1 15.7080%
07/20 09:53:03 PM | genotype = Genotype(normal=[[('sep_conv_5x5', 1), ('sep_conv_5x5', 0)], [('sep_conv_3x3', 1), ('sep_conv_5x5', 2)], [('dil_conv_3x3', 1), ('dil_conv_3x3', 0)], [('sep_conv_3x3', 3), ('dil_conv_3x3', 2)]], normal_concat=range(2, 6), reduce=[[('dil_conv_5x5', 1), ('sep_conv_5x5', 0)], [('sep_conv_5x5', 1), ('dil_conv_5x5', 2)], [('sep_conv_5x5', 1), ('max_pool_3x3', 0)], [('skip_connect', 2), ('dil_conv_3x3', 3)]], reduce_concat=range(2, 6))
####### ALPHA #######
# Alpha - normal
tensor([[0.1252, 0.1249, 0.1248, 0.1248, 0.1253, 0.1250, 0.1251, 0.1250],
        [0.1244, 0.1245, 0.1244, 0.1255, 0.1255, 0.1252, 0.1251, 0.1255]],
       device='cuda:0', grad_fn=<SoftmaxBackward>)
tensor([[0.1249, 0.1250, 0.1249, 0.1251, 0.1252, 0.1248, 0.1252, 0.1250],
        [0.1244, 0.1241, 0.1242, 0.1256, 0.1253, 0.1253, 0.1254, 0.1257],
        [0.1245, 0.1245, 0.1244, 0.1253, 0.1257, 0.1251, 0.1254, 0.1252]],
       device='cuda:0', grad_fn=<SoftmaxBackward>)
tensor([[0.1247, 0.1245, 0.1246, 0.1250, 0.1254, 0.1255, 0.1249, 0.1255],
        [0.1244, 0.1243, 0.1244, 0.1251, 0.1253, 0.1257, 0.1256, 0.1252],
        [0.1245, 0.1245, 0.1245, 0.1251, 0.1254, 0.1251, 0.1254, 0.1255],
        [0.1245, 0.1245, 0.1244, 0.1250, 0.1255, 0.1255, 0.1254, 0.1253]],
       device='cuda:0', grad_fn=<SoftmaxBackward>)
tensor([[0.1246, 0.1245, 0.1243, 0.1253, 0.1254, 0.1252, 0.1251, 0.1256],
        [0.1245, 0.1245, 0.1246, 0.1250, 0.1253, 0.1253, 0.1252, 0.1256],
        [0.1245, 0.1244, 0.1243, 0.1254, 0.1253, 0.1254, 0.1253, 0.1252],
        [0.1243, 0.1244, 0.1244, 0.1258, 0.1254, 0.1255, 0.1251, 0.1253],
        [0.1245, 0.1245, 0.1245, 0.1253, 0.1252, 0.1254, 0.1253, 0.1253]],
       device='cuda:0', grad_fn=<SoftmaxBackward>)

# Alpha - reduce
tensor([[0.1250, 0.1248, 0.1245, 0.1253, 0.1253, 0.1251, 0.1251, 0.1250],
        [0.1247, 0.1244, 0.1253, 0.1252, 0.1248, 0.1250, 0.1253, 0.1254]],
       device='cuda:0', grad_fn=<SoftmaxBackward>)
tensor([[0.1253, 0.1247, 0.1253, 0.1251, 0.1248, 0.1250, 0.1246, 0.1251],
        [0.1246, 0.1245, 0.1254, 0.1252, 0.1254, 0.1250, 0.1249, 0.1250],
        [0.1249, 0.1245, 0.1252, 0.1250, 0.1249, 0.1247, 0.1253, 0.1256]],
       device='cuda:0', grad_fn=<SoftmaxBackward>)
tensor([[0.1254, 0.1248, 0.1250, 0.1252, 0.1250, 0.1249, 0.1250, 0.1247],
        [0.1249, 0.1246, 0.1251, 0.1252, 0.1255, 0.1247, 0.1252, 0.1247],
        [0.1253, 0.1251, 0.1251, 0.1247, 0.1253, 0.1251, 0.1249, 0.1246],
        [0.1250, 0.1249, 0.1252, 0.1251, 0.1249, 0.1250, 0.1249, 0.1249]],
       device='cuda:0', grad_fn=<SoftmaxBackward>)
tensor([[0.1253, 0.1251, 0.1250, 0.1249, 0.1249, 0.1251, 0.1251, 0.1245],
        [0.1251, 0.1245, 0.1249, 0.1249, 0.1250, 0.1253, 0.1253, 0.1250],
        [0.1252, 0.1250, 0.1254, 0.1250, 0.1248, 0.1246, 0.1250, 0.1251],
        [0.1248, 0.1246, 0.1248, 0.1253, 0.1250, 0.1254, 0.1251, 0.1249],
        [0.1249, 0.1249, 0.1253, 0.1248, 0.1250, 0.1249, 0.1250, 0.1252]],
       device='cuda:0', grad_fn=<SoftmaxBackward>)
#####################
07/20 09:53:08 PM | Train: [ 7/50] Step 000/001 Loss 0.231 Prec@(1,5) (87.5%, 100.0%)
07/20 09:53:12 PM | Train: [ 7/50] Step 001/001 Loss 0.469 Prec@(1,5) (77.8%, 100.0%)
07/20 09:53:12 PM | Train: [ 7/50] Final Prec@1 77.7778%
07/20 09:53:12 PM | Valid: [ 7/50] Step 000/390 Loss 8.826 Prec@(1,5) (9.4%, 50.0%)
07/20 09:53:22 PM | Valid: [ 7/50] Step 050/390 Loss 7.984 Prec@(1,5) (14.5%, 55.8%)
07/20 09:53:31 PM | Valid: [ 7/50] Step 100/390 Loss 8.002 Prec@(1,5) (15.0%, 56.3%)
07/20 09:53:40 PM | Valid: [ 7/50] Step 150/390 Loss 7.911 Prec@(1,5) (15.0%, 57.0%)
07/20 09:53:50 PM | Valid: [ 7/50] Step 200/390 Loss 7.799 Prec@(1,5) (15.2%, 57.4%)
07/20 09:53:59 PM | Valid: [ 7/50] Step 250/390 Loss 7.785 Prec@(1,5) (15.2%, 57.6%)
07/20 09:54:08 PM | Valid: [ 7/50] Step 300/390 Loss 7.786 Prec@(1,5) (15.1%, 57.8%)
07/20 09:54:18 PM | Valid: [ 7/50] Step 350/390 Loss 7.805 Prec@(1,5) (15.1%, 57.9%)
07/20 09:54:26 PM | Valid: [ 7/50] Step 390/390 Loss 7.816 Prec@(1,5) (15.1%, 57.9%)
07/20 09:54:26 PM | Valid: [ 7/50] Final Prec@1 15.0760%
07/20 09:54:26 PM | genotype = Genotype(normal=[[('sep_conv_5x5', 1), ('sep_conv_5x5', 0)], [('sep_conv_5x5', 2), ('sep_conv_3x3', 1)], [('dil_conv_3x3', 1), ('dil_conv_3x3', 0)], [('sep_conv_3x3', 3), ('dil_conv_3x3', 2)]], normal_concat=range(2, 6), reduce=[[('skip_connect', 1), ('sep_conv_5x5', 0)], [('skip_connect', 1), ('dil_conv_5x5', 2)], [('sep_conv_5x5', 1), ('max_pool_3x3', 0)], [('dil_conv_5x5', 1), ('skip_connect', 2)]], reduce_concat=range(2, 6))
####### ALPHA #######
# Alpha - normal
tensor([[0.1252, 0.1248, 0.1248, 0.1248, 0.1253, 0.1249, 0.1252, 0.1250],
        [0.1242, 0.1244, 0.1243, 0.1255, 0.1256, 0.1252, 0.1252, 0.1256]],
       device='cuda:0', grad_fn=<SoftmaxBackward>)
tensor([[0.1247, 0.1249, 0.1247, 0.1251, 0.1253, 0.1249, 0.1252, 0.1251],
        [0.1243, 0.1240, 0.1241, 0.1256, 0.1253, 0.1253, 0.1255, 0.1258],
        [0.1244, 0.1243, 0.1242, 0.1254, 0.1258, 0.1251, 0.1255, 0.1253]],
       device='cuda:0', grad_fn=<SoftmaxBackward>)
tensor([[0.1245, 0.1243, 0.1244, 0.1251, 0.1255, 0.1256, 0.1250, 0.1256],
        [0.1243, 0.1241, 0.1243, 0.1252, 0.1254, 0.1257, 0.1257, 0.1253],
        [0.1244, 0.1243, 0.1244, 0.1252, 0.1255, 0.1252, 0.1254, 0.1256],
        [0.1243, 0.1243, 0.1243, 0.1251, 0.1256, 0.1256, 0.1254, 0.1254]],
       device='cuda:0', grad_fn=<SoftmaxBackward>)
tensor([[0.1245, 0.1244, 0.1241, 0.1254, 0.1254, 0.1253, 0.1253, 0.1257],
        [0.1243, 0.1244, 0.1245, 0.1251, 0.1254, 0.1254, 0.1253, 0.1257],
        [0.1244, 0.1243, 0.1242, 0.1255, 0.1254, 0.1255, 0.1254, 0.1253],
        [0.1242, 0.1243, 0.1242, 0.1258, 0.1255, 0.1256, 0.1251, 0.1254],
        [0.1243, 0.1244, 0.1244, 0.1253, 0.1253, 0.1255, 0.1254, 0.1254]],
       device='cuda:0', grad_fn=<SoftmaxBackward>)

# Alpha - reduce
tensor([[0.1251, 0.1248, 0.1244, 0.1253, 0.1253, 0.1251, 0.1251, 0.1248],
        [0.1246, 0.1243, 0.1253, 0.1253, 0.1249, 0.1248, 0.1253, 0.1255]],
       device='cuda:0', grad_fn=<SoftmaxBackward>)
tensor([[0.1254, 0.1247, 0.1254, 0.1252, 0.1249, 0.1249, 0.1245, 0.1250],
        [0.1245, 0.1244, 0.1255, 0.1252, 0.1254, 0.1251, 0.1248, 0.1251],
        [0.1248, 0.1244, 0.1252, 0.1249, 0.1249, 0.1247, 0.1254, 0.1256]],
       device='cuda:0', grad_fn=<SoftmaxBackward>)
tensor([[0.1255, 0.1248, 0.1251, 0.1251, 0.1249, 0.1250, 0.1249, 0.1247],
        [0.1248, 0.1245, 0.1252, 0.1253, 0.1256, 0.1246, 0.1253, 0.1247],
        [0.1253, 0.1250, 0.1250, 0.1246, 0.1253, 0.1252, 0.1249, 0.1246],
        [0.1249, 0.1248, 0.1251, 0.1252, 0.1250, 0.1250, 0.1250, 0.1250]],
       device='cuda:0', grad_fn=<SoftmaxBackward>)
tensor([[0.1254, 0.1251, 0.1250, 0.1249, 0.1248, 0.1252, 0.1251, 0.1244],
        [0.1251, 0.1244, 0.1249, 0.1250, 0.1250, 0.1253, 0.1255, 0.1249],
        [0.1252, 0.1249, 0.1254, 0.1250, 0.1248, 0.1247, 0.1250, 0.1250],
        [0.1247, 0.1245, 0.1248, 0.1255, 0.1250, 0.1255, 0.1251, 0.1249],
        [0.1248, 0.1248, 0.1253, 0.1248, 0.1251, 0.1248, 0.1250, 0.1253]],
       device='cuda:0', grad_fn=<SoftmaxBackward>)
#####################
07/20 09:54:30 PM | Train: [ 8/50] Step 000/001 Loss 0.060 Prec@(1,5) (100.0%, 100.0%)
07/20 09:54:34 PM | Train: [ 8/50] Step 001/001 Loss 0.262 Prec@(1,5) (100.0%, 100.0%)
07/20 09:54:34 PM | Train: [ 8/50] Final Prec@1 100.0000%
07/20 09:54:34 PM | Valid: [ 8/50] Step 000/390 Loss 19.906 Prec@(1,5) (15.6%, 64.1%)
07/20 09:54:44 PM | Valid: [ 8/50] Step 050/390 Loss 19.517 Prec@(1,5) (15.0%, 58.6%)
07/20 09:54:53 PM | Valid: [ 8/50] Step 100/390 Loss 19.341 Prec@(1,5) (15.5%, 57.8%)
07/20 09:55:02 PM | Valid: [ 8/50] Step 150/390 Loss 19.358 Prec@(1,5) (15.4%, 57.8%)
07/20 09:55:12 PM | Valid: [ 8/50] Step 200/390 Loss 19.259 Prec@(1,5) (15.3%, 57.9%)
07/20 09:55:21 PM | Valid: [ 8/50] Step 250/390 Loss 19.154 Prec@(1,5) (15.3%, 58.2%)
07/20 09:55:31 PM | Valid: [ 8/50] Step 300/390 Loss 19.137 Prec@(1,5) (15.4%, 58.3%)
07/20 09:55:40 PM | Valid: [ 8/50] Step 350/390 Loss 19.176 Prec@(1,5) (15.3%, 58.3%)
07/20 09:55:47 PM | Valid: [ 8/50] Step 390/390 Loss 19.153 Prec@(1,5) (15.2%, 58.3%)
07/20 09:55:48 PM | Valid: [ 8/50] Final Prec@1 15.2440%
07/20 09:55:48 PM | genotype = Genotype(normal=[[('sep_conv_3x3', 1), ('sep_conv_5x5', 0)], [('sep_conv_5x5', 2), ('sep_conv_3x3', 1)], [('dil_conv_3x3', 1), ('dil_conv_3x3', 0)], [('sep_conv_3x3', 3), ('dil_conv_3x3', 2)]], normal_concat=range(2, 6), reduce=[[('sep_conv_3x3', 1), ('sep_conv_5x5', 0)], [('skip_connect', 1), ('skip_connect', 2)], [('sep_conv_5x5', 1), ('max_pool_3x3', 0)], [('dil_conv_5x5', 1), ('skip_connect', 2)]], reduce_concat=range(2, 6))
####### ALPHA #######
# Alpha - normal
tensor([[0.1251, 0.1247, 0.1247, 0.1248, 0.1255, 0.1248, 0.1254, 0.1250],
        [0.1241, 0.1242, 0.1241, 0.1256, 0.1256, 0.1253, 0.1253, 0.1257]],
       device='cuda:0', grad_fn=<SoftmaxBackward>)
tensor([[0.1246, 0.1247, 0.1246, 0.1252, 0.1254, 0.1250, 0.1253, 0.1252],
        [0.1242, 0.1238, 0.1240, 0.1257, 0.1254, 0.1254, 0.1256, 0.1259],
        [0.1242, 0.1242, 0.1241, 0.1255, 0.1258, 0.1252, 0.1255, 0.1254]],
       device='cuda:0', grad_fn=<SoftmaxBackward>)
tensor([[0.1244, 0.1242, 0.1243, 0.1252, 0.1256, 0.1257, 0.1251, 0.1257],
        [0.1241, 0.1240, 0.1242, 0.1253, 0.1255, 0.1258, 0.1258, 0.1254],
        [0.1242, 0.1242, 0.1242, 0.1253, 0.1256, 0.1252, 0.1255, 0.1257],
        [0.1242, 0.1242, 0.1242, 0.1252, 0.1257, 0.1256, 0.1254, 0.1255]],
       device='cuda:0', grad_fn=<SoftmaxBackward>)
tensor([[0.1244, 0.1242, 0.1240, 0.1255, 0.1254, 0.1254, 0.1254, 0.1258],
        [0.1242, 0.1243, 0.1243, 0.1252, 0.1254, 0.1255, 0.1254, 0.1257],
        [0.1243, 0.1242, 0.1240, 0.1255, 0.1255, 0.1256, 0.1255, 0.1254],
        [0.1240, 0.1241, 0.1241, 0.1259, 0.1255, 0.1257, 0.1252, 0.1255],
        [0.1242, 0.1242, 0.1243, 0.1254, 0.1253, 0.1256, 0.1254, 0.1255]],
       device='cuda:0', grad_fn=<SoftmaxBackward>)

# Alpha - reduce
tensor([[0.1252, 0.1249, 0.1243, 0.1253, 0.1254, 0.1251, 0.1250, 0.1247],
        [0.1246, 0.1242, 0.1253, 0.1254, 0.1249, 0.1248, 0.1252, 0.1256]],
       device='cuda:0', grad_fn=<SoftmaxBackward>)
tensor([[0.1254, 0.1248, 0.1254, 0.1253, 0.1249, 0.1249, 0.1245, 0.1249],
        [0.1244, 0.1243, 0.1256, 0.1252, 0.1255, 0.1251, 0.1248, 0.1251],
        [0.1248, 0.1244, 0.1254, 0.1248, 0.1250, 0.1247, 0.1253, 0.1257]],
       device='cuda:0', grad_fn=<SoftmaxBackward>)
tensor([[0.1256, 0.1249, 0.1251, 0.1250, 0.1249, 0.1250, 0.1249, 0.1246],
        [0.1247, 0.1244, 0.1252, 0.1254, 0.1257, 0.1246, 0.1254, 0.1246],
        [0.1253, 0.1250, 0.1251, 0.1246, 0.1253, 0.1253, 0.1248, 0.1247],
        [0.1248, 0.1247, 0.1250, 0.1252, 0.1251, 0.1250, 0.1250, 0.1251]],
       device='cuda:0', grad_fn=<SoftmaxBackward>)
tensor([[0.1255, 0.1252, 0.1250, 0.1249, 0.1248, 0.1252, 0.1251, 0.1243],
        [0.1250, 0.1244, 0.1250, 0.1249, 0.1249, 0.1254, 0.1256, 0.1249],
        [0.1252, 0.1249, 0.1255, 0.1250, 0.1247, 0.1247, 0.1250, 0.1250],
        [0.1246, 0.1245, 0.1248, 0.1256, 0.1251, 0.1255, 0.1251, 0.1249],
        [0.1247, 0.1248, 0.1254, 0.1248, 0.1252, 0.1247, 0.1250, 0.1254]],
       device='cuda:0', grad_fn=<SoftmaxBackward>)
#####################
07/20 09:55:52 PM | Train: [ 9/50] Step 000/001 Loss 0.014 Prec@(1,5) (100.0%, 100.0%)
07/20 09:55:55 PM | Train: [ 9/50] Step 001/001 Loss 0.273 Prec@(1,5) (88.9%, 100.0%)
07/20 09:55:56 PM | Train: [ 9/50] Final Prec@1 88.8889%
07/20 09:55:56 PM | Valid: [ 9/50] Step 000/390 Loss 13.955 Prec@(1,5) (15.6%, 51.6%)
07/20 09:56:06 PM | Valid: [ 9/50] Step 050/390 Loss 13.418 Prec@(1,5) (16.6%, 59.1%)
07/20 09:56:15 PM | Valid: [ 9/50] Step 100/390 Loss 13.439 Prec@(1,5) (16.1%, 59.1%)
07/20 09:56:24 PM | Valid: [ 9/50] Step 150/390 Loss 13.451 Prec@(1,5) (16.1%, 59.1%)
07/20 09:56:34 PM | Valid: [ 9/50] Step 200/390 Loss 13.469 Prec@(1,5) (16.3%, 59.6%)
07/20 09:56:43 PM | Valid: [ 9/50] Step 250/390 Loss 13.546 Prec@(1,5) (16.1%, 59.7%)
07/20 09:56:53 PM | Valid: [ 9/50] Step 300/390 Loss 13.481 Prec@(1,5) (16.2%, 59.9%)
07/20 09:57:03 PM | Valid: [ 9/50] Step 350/390 Loss 13.460 Prec@(1,5) (16.1%, 59.9%)
07/20 09:57:10 PM | Valid: [ 9/50] Step 390/390 Loss 13.424 Prec@(1,5) (16.2%, 60.0%)
07/20 09:57:11 PM | Valid: [ 9/50] Final Prec@1 16.2240%
07/20 09:57:11 PM | genotype = Genotype(normal=[[('sep_conv_3x3', 1), ('sep_conv_5x5', 0)], [('sep_conv_5x5', 2), ('sep_conv_3x3', 1)], [('dil_conv_3x3', 1), ('dil_conv_3x3', 0)], [('sep_conv_3x3', 3), ('dil_conv_3x3', 2)]], normal_concat=range(2, 6), reduce=[[('sep_conv_3x3', 1), ('max_pool_3x3', 0)], [('skip_connect', 1), ('skip_connect', 2)], [('sep_conv_5x5', 1), ('max_pool_3x3', 0)], [('dil_conv_5x5', 1), ('max_pool_3x3', 0)]], reduce_concat=range(2, 6))
####### ALPHA #######
# Alpha - normal
tensor([[0.1251, 0.1246, 0.1247, 0.1248, 0.1256, 0.1247, 0.1255, 0.1250],
        [0.1240, 0.1241, 0.1240, 0.1257, 0.1256, 0.1254, 0.1254, 0.1258]],
       device='cuda:0', grad_fn=<SoftmaxBackward>)
tensor([[0.1245, 0.1246, 0.1245, 0.1253, 0.1255, 0.1250, 0.1254, 0.1253],
        [0.1241, 0.1237, 0.1239, 0.1257, 0.1255, 0.1255, 0.1256, 0.1260],
        [0.1241, 0.1241, 0.1240, 0.1256, 0.1259, 0.1253, 0.1256, 0.1255]],
       device='cuda:0', grad_fn=<SoftmaxBackward>)
tensor([[0.1243, 0.1241, 0.1241, 0.1253, 0.1256, 0.1257, 0.1251, 0.1258],
        [0.1240, 0.1238, 0.1240, 0.1253, 0.1256, 0.1259, 0.1259, 0.1255],
        [0.1241, 0.1241, 0.1241, 0.1253, 0.1257, 0.1253, 0.1256, 0.1258],
        [0.1241, 0.1241, 0.1240, 0.1252, 0.1257, 0.1258, 0.1255, 0.1256]],
       device='cuda:0', grad_fn=<SoftmaxBackward>)
tensor([[0.1243, 0.1241, 0.1239, 0.1256, 0.1254, 0.1254, 0.1255, 0.1259],
        [0.1240, 0.1241, 0.1242, 0.1253, 0.1254, 0.1256, 0.1255, 0.1258],
        [0.1241, 0.1240, 0.1239, 0.1256, 0.1256, 0.1257, 0.1256, 0.1255],
        [0.1239, 0.1240, 0.1239, 0.1260, 0.1256, 0.1257, 0.1253, 0.1256],
        [0.1241, 0.1241, 0.1241, 0.1255, 0.1254, 0.1257, 0.1255, 0.1256]],
       device='cuda:0', grad_fn=<SoftmaxBackward>)

# Alpha - reduce
tensor([[0.1253, 0.1250, 0.1242, 0.1253, 0.1253, 0.1251, 0.1250, 0.1246],
        [0.1244, 0.1241, 0.1254, 0.1254, 0.1250, 0.1249, 0.1252, 0.1257]],
       device='cuda:0', grad_fn=<SoftmaxBackward>)
tensor([[0.1255, 0.1248, 0.1254, 0.1254, 0.1248, 0.1248, 0.1244, 0.1248],
        [0.1243, 0.1241, 0.1257, 0.1252, 0.1256, 0.1252, 0.1248, 0.1252],
        [0.1248, 0.1244, 0.1255, 0.1247, 0.1249, 0.1248, 0.1252, 0.1257]],
       device='cuda:0', grad_fn=<SoftmaxBackward>)
tensor([[0.1257, 0.1249, 0.1251, 0.1249, 0.1249, 0.1251, 0.1249, 0.1246],
        [0.1246, 0.1243, 0.1252, 0.1254, 0.1258, 0.1246, 0.1254, 0.1246],
        [0.1253, 0.1249, 0.1252, 0.1245, 0.1253, 0.1254, 0.1247, 0.1247],
        [0.1247, 0.1246, 0.1249, 0.1252, 0.1252, 0.1251, 0.1250, 0.1252]],
       device='cuda:0', grad_fn=<SoftmaxBackward>)
tensor([[0.1256, 0.1253, 0.1249, 0.1249, 0.1249, 0.1252, 0.1250, 0.1243],
        [0.1249, 0.1242, 0.1249, 0.1250, 0.1249, 0.1255, 0.1257, 0.1250],
        [0.1252, 0.1249, 0.1255, 0.1251, 0.1246, 0.1248, 0.1250, 0.1249],
